QEq 0.46060
0.46060 0.46060
0.46060 0.46060
0.46060 0.46060
0.46060 0.46060
0.46060 0.46060
0.46060 0.46060
0.46060 0.46060
0.46060 0.46060
0.46060 0.46060
0.46061 0.46060
0.46064 0.46060
0.46067 0.46061
0.46070 0.46061
0.46073 0.46062
0.46076 0.46063
0.46079 0.46064
0.46082 0.46065
0.46085 0.46066
0.46088 0.46067
0.46091 0.46069
0.46094 0.46070
0.46097 0.46071
0.46100 0.46072
0.46103 0.46073
0.46106 0.46075
0.46109 0.46076
0.46112 0.46077
0.46114 0.46079
0.46117 0.46080
0.46120 0.46081
0.46123 0.46083
0.46126 0.46084
0.46129 0.46085
0.46132 0.46087
0.46135 0.46088
0.46138 0.46090
0.46141 0.46091
0.46144 0.46092
0.46147 0.46094
0.46150 0.46095
0.46155 0.46097
0.46161 0.46098
0.46167 0.46100
0.46173 0.46101
0.46179 0.46103
0.46185 0.46105
0.46191 0.46107
0.46197 0.46109
0.46203 0.46111
0.46209 0.46113
0.46213 0.46115
0.46216 0.46116
0.46219 0.46118
0.46222 0.46120
0.46225 0.46122
0.46228 0.46124
0.46231 0.46126
0.46234 0.46128
0.46237 0.46130
0.46240 0.46132
0.46243 0.46133
0.46246 0.46135
0.46249 0.46137
0.46252 0.46139
0.46255 0.46141
0.46258 0.46142
0.46261 0.46144
0.46264 0.46146
0.46267 0.46148
0.46270 0.46149
0.46273 0.46151
0.46276 0.46153
0.46279 0.46155
0.46282 0.46156
0.46285 0.46158
0.46288 0.46160
0.46291 0.46161
0.46294 0.46163
0.46297 0.46165
0.46300 0.46166
0.46303 0.46168
0.46303 0.46170
0.46303 0.46171
0.46303 0.46173
0.46303 0.46175
0.46303 0.46176
0.46303 0.46178
0.46303 0.46179
0.46303 0.46180
0.46303 0.46182
0.46303 0.46183
0.46303 0.46184
0.46303 0.46186
0.46303 0.46187
0.46303 0.46188
0.46303 0.46189
0.46303 0.46190
0.46303 0.46192
0.46303 0.46193
0.46303 0.46194
0.46302 0.46195
0.46299 0.46196
0.46296 0.46197
0.46293 0.46198
0.46290 0.46199
0.46287 0.46200
0.46284 0.46200
0.46281 0.46201
0.46278 0.46202
0.46275 0.46202
0.46272 0.46203
0.46269 0.46204
0.46266 0.46204
0.46263 0.46205
0.46260 0.46205
0.46257 0.46206
0.46254 0.46206
0.46251 0.46206
0.46248 0.46207
0.46245 0.46207
0.46242 0.46207
0.46239 0.46208
0.46236 0.46208
0.46233 0.46208
0.46230 0.46208
0.46227 0.46208
0.46224 0.46209
0.46221 0.46209
0.46218 0.46209
0.46215 0.46209
0.46212 0.46209
0.46207 0.46209
0.46201 0.46209
0.46195 0.46209
0.46189 0.46208
0.46183 0.46208
0.46177 0.46208
0.46171 0.46208
0.46165 0.46207
0.46159 0.46207
0.46153 0.46207
0.46149 0.46206
0.46146 0.46206
0.46143 0.46205
0.46140 0.46205
0.46137 0.46205
0.46134 0.46204
0.46131 0.46204
0.46128 0.46203
0.46125 0.46203
0.46122 0.46202
0.46120 0.46202
0.46117 0.46201
0.46114 0.46200
0.46111 0.46200
0.46108 0.46199
0.46105 0.46199
0.46102 0.46198
0.46099 0.46197
0.46096 0.46197
0.46093 0.46196
0.46090 0.46195
0.46087 0.46195
0.46084 0.46194
0.46081 0.46193
0.46078 0.46193
0.46075 0.46192
0.46072 0.46191
0.46069 0.46191
0.46066 0.46190
0.46063 0.46189
0.46060 0.46188
0.46060 0.46188
0.46060 0.46187
0.46060 0.46186
0.46060 0.46185
0.46060 0.46185
0.46060 0.46184
0.46060 0.46183
0.46060 0.46183
0.46060 0.46182
0.46060 0.46181
0.46060 0.46181
0.46060 0.46180
0.46060 0.46179
0.46060 0.46179
0.46060 0.46178
0.46060 0.46177
0.46060 0.46177
0.46060 0.46176
0.46060 0.46176
0.46062 0.46175
0.46065 0.46174
0.46068 0.46174
0.46071 0.46173
0.46074 0.46173
0.46077 0.46172
0.46080 0.46172
0.46083 0.46171
0.46086 0.46171
0.46089 0.46171
0.46092 0.46170
0.46095 0.46170
0.46098 0.46169
0.46100 0.46169
0.46103 0.46169
0.46106 0.46168
0.46109 0.46168
0.46112 0.46168
0.46115 0.46168
0.46118 0.46167
0.46121 0.46167
0.46124 0.46167
0.46127 0.46167
0.46130 0.46167
0.46133 0.46167
0.46136 0.46166
0.46139 0.46166
0.46142 0.46166
0.46145 0.46166
0.46148 0.46166
0.46151 0.46166
0.46157 0.46166
0.46163 0.46166
0.46169 0.46166
0.46175 0.46166
0.46181 0.46166
0.46187 0.46166
0.46193 0.46166
0.46199 0.46166
0.46205 0.46166
0.46211 0.46167
0.46214 0.46167
0.46217 0.46167
0.46220 0.46167
0.46223 0.46168
0.46226 0.46168
0.46229 0.46168
0.46232 0.46168
0.46235 0.46169
0.46238 0.46169
0.46241 0.46169
0.46244 0.46169
0.46247 0.46170
0.46250 0.46170
0.46253 0.46170
0.46256 0.46171
0.46259 0.46171
0.46262 0.46172
0.46265 0.46172
0.46268 0.46172
0.46271 0.46173
0.46274 0.46173
0.46277 0.46173
0.46280 0.46174
0.46283 0.46174
0.46286 0.46175
0.46289 0.46175
0.46292 0.46176
0.46295 0.46176
0.46298 0.46177
0.46301 0.46177
0.46303 0.46178
0.46303 0.46178
0.46303 0.46178
0.46303 0.46179
0.46303 0.46179
0.46303 0.46180
0.46303 0.46180
0.46303 0.46181
0.46303 0.46181
0.46303 0.46182
0.46303 0.46182
0.46303 0.46183
0.46303 0.46183
0.46303 0.46183
0.46303 0.46184
0.46303 0.46184
0.46303 0.46185
0.46303 0.46185
0.46303 0.46186
0.46303 0.46186
0.46301 0.46186
0.46298 0.46187
0.46295 0.46187
0.46292 0.46188
0.46289 0.46188
0.46286 0.46188
0.46283 0.46189
0.46280 0.46189
0.46277 0.46189
0.46274 0.46189
0.46271 0.46190
0.46268 0.46190
0.46265 0.46190
0.46262 0.46191
0.46259 0.46191
0.46256 0.46191
0.46253 0.46191
0.46250 0.46191
0.46247 0.46192
0.46244 0.46192
0.46241 0.46192
0.46238 0.46192
0.46235 0.46192
0.46232 0.46192
0.46229 0.46192
0.46226 0.46193
0.46223 0.46193
0.46220 0.46193
0.46217 0.46193
0.46214 0.46193
0.46211 0.46193
0.46205 0.46193
0.46199 0.46193
0.46193 0.46193
0.46187 0.46193
0.46181 0.46193
0.46175 0.46193
0.46169 0.46193
0.46163 0.46193
0.46157 0.46193
0.46151 0.46192
0.46148 0.46192
0.46145 0.46192
0.46142 0.46192
0.46139 0.46192
0.46136 0.46192
0.46133 0.46192
0.46130 0.46191
0.46127 0.46191
0.46124 0.46191
0.46121 0.46191
0.46118 0.46191
0.46115 0.46190
0.46112 0.46190
0.46109 0.46190
0.46106 0.46190
0.46103 0.46189
0.46100 0.46189
0.46097 0.46189
0.46094 0.46189
0.46091 0.46188
0.46088 0.46188
0.46085 0.46188
0.46082 0.46187
0.46079 0.46187
0.46076 0.46187
0.46073 0.46186
0.46071 0.46186
0.46068 0.46186
0.46065 0.46185
0.46062 0.46185
0.46059 0.46185
0.46059 0.46184
0.46059 0.46184
0.46059 0.46184
0.46059 0.46183
0.46059 0.46183
0.46059 0.46183
0.46059 0.46182
0.46059 0.46182
0.46059 0.46182
0.46059 0.46181
0.46059 0.46181
0.46059 0.46181
0.46059 0.46180
0.46059 0.46180
0.46059 0.46180
0.46059 0.46179
0.46059 0.46179
0.46059 0.46179
0.46060 0.46178
0.46063 0.46178
0.46066 0.46178
0.46069 0.46177
0.46072 0.46177
0.46075 0.46177
0.46078 0.46177
0.46081 0.46176
0.46083 0.46176
0.46086 0.46176
0.46089 0.46176
0.46092 0.46175
0.46095 0.46175
0.46098 0.46175
0.46101 0.46175
0.46104 0.46175
0.46107 0.46174
0.46110 0.46174
0.46113 0.46174
0.46116 0.46174
0.46119 0.46174
0.46122 0.46174
0.46125 0.46174
0.46128 0.46173
0.46131 0.46173
0.46134 0.46173
0.46137 0.46173
0.46140 0.46173
0.46143 0.46173
0.46146 0.46173
0.46149 0.46173
0.46154 0.46173
0.46160 0.46173
0.46166 0.46173
0.46171 0.46173
0.46177 0.46173
0.46183 0.46173
0.46189 0.46173
0.46195 0.46173
0.46201 0.46173
0.46207 0.46173
0.46213 0.46173
0.46216 0.46173
0.46219 0.46173
0.46222 0.46174
0.46225 0.46174
0.46228 0.46174
0.46231 0.46174
0.46234 0.46174
0.46237 0.46174
0.46240 0.46174
0.46243 0.46175
0.46246 0.46175
0.46249 0.46175
0.46252 0.46175
0.46255 0.46175
0.46258 0.46175
0.46261 0.46176
0.46264 0.46176
0.46267 0.46176
0.46270 0.46176
0.46273 0.46176
0.46276 0.46177
0.46279 0.46177
0.46282 0.46177
0.46285 0.46177
0.46288 0.46178
0.46291 0.46178
0.46294 0.46178
0.46297 0.46178
0.46300 0.46179
0.46303 0.46179
0.46304 0.46179
0.46304 0.46180
0.46304 0.46180
0.46304 0.46180
0.46304 0.46180
0.46304 0.46181
0.46304 0.46181
0.46304 0.46181
0.46304 0.46181
0.46304 0.46182
0.46304 0.46182
0.46304 0.46182
0.46304 0.46183
0.46304 0.46183
0.46304 0.46183
0.46304 0.46183
0.46304 0.46184
0.46304 0.46184
0.46304 0.46184
0.46303 0.46184
0.46300 0.46185
0.46297 0.46185
0.46294 0.46185
0.46291 0.46185
0.46288 0.46186
0.46285 0.46186
0.46282 0.46186
0.46279 0.46186
0.46276 0.46186
0.46273 0.46187
0.46270 0.46187
0.46267 0.46187
0.46264 0.46187
0.46261 0.46187
0.46258 0.46187
0.46255 0.46188
0.46252 0.46188
0.46249 0.46188
0.46246 0.46188
0.46243 0.46188
0.46240 0.46188
0.46237 0.46188
0.46235 0.46188
0.46232 0.46188
0.46229 0.46188
0.46226 0.46189
0.46223 0.46189
0.46220 0.46189
0.46217 0.46189
0.46214 0.46189
0.46208 0.46189
0.46201 0.46189
0.46195 0.46189
0.46189 0.46189
0.46183 0.46189
0.46177 0.46189
0.46171 0.46189
0.46165 0.46189
0.46159 0.46189
0.46153 0.46189
0.46147 0.46189
0.46144 0.46188
0.46141 0.46188
0.46138 0.46188
0.46135 0.46188
0.46132 0.46188
0.46129 0.46188
0.46126 0.46188
0.46123 0.46188
0.46120 0.46188
0.46117 0.46187
0.46114 0.46187
0.46111 0.46187
0.46108 0.46187
0.46105 0.46187
0.46102 0.46187
0.46099 0.46186
0.46096 0.46186
0.46093 0.46186
0.46090 0.46186
0.46087 0.46186
0.46084 0.46186
0.46082 0.46185
0.46079 0.46185
0.46076 0.46185
0.46073 0.46185
0.46070 0.46185
0.46067 0.46184
0.46064 0.46184
0.46061 0.46184
0.46058 0.46184
0.46057 0.46183
0.46057 0.46183
0.46057 0.46183
0.46057 0.46183
0.46057 0.46182
0.46057 0.46182
0.46057 0.46182
0.46057 0.46182
0.46057 0.46182
0.46057 0.46181
0.46057 0.46181
0.46057 0.46181
0.46057 0.46181
0.46057 0.46180
0.46057 0.46180
0.46057 0.46180
0.46057 0.46180
0.46057 0.46180
0.46057 0.46179
0.46060 0.46179
0.46063 0.46179
0.46066 0.46179
0.46069 0.46178
0.46072 0.46178
0.46075 0.46178
0.46078 0.46178
0.46081 0.46178
0.46083 0.46178
0.46086 0.46177
0.46089 0.46177
0.46092 0.46177
0.46095 0.46177
0.46098 0.46177
0.46101 0.46177
0.46104 0.46177
0.46107 0.46176
0.46110 0.46176
0.46113 0.46176
0.46116 0.46176
0.46119 0.46176
0.46122 0.46176
0.46125 0.46176
0.46128 0.46176
0.46131 0.46176
0.46134 0.46176
0.46137 0.46176
0.46140 0.46175
0.46143 0.46175
0.46146 0.46175
0.46149 0.46175
0.46156 0.46175
0.46165 0.46175
0.46174 0.46175
0.46180 0.46175
0.46186 0.46175
0.46192 0.46175
0.46198 0.46175
0.46204 0.46175
0.46211 0.46175
0.46220 0.46176
0.46226 0.46176
0.46229 0.46176
0.46232 0.46176
0.46235 0.46176
0.46238 0.46176
0.46241 0.46176
0.46244 0.46176
0.46247 0.46176
0.46250 0.46176
0.46253 0.46177
0.46256 0.46177
0.46259 0.46177
0.46262 0.46177
0.46265 0.46177
0.46268 0.46177
0.46271 0.46177
0.46274 0.46178
0.46277 0.46178
0.46280 0.46178
0.46283 0.46178
0.46286 0.46178
0.46289 0.46178
0.46292 0.46179
0.46295 0.46179
0.46298 0.46179
0.46301 0.46179
0.46303 0.46179
0.46306 0.46180
0.46309 0.46180
0.46312 0.46180
0.46315 0.46180
0.46314 0.46180
0.46313 0.46181
0.46313 0.46181
0.46313 0.46181
0.46313 0.46181
0.46313 0.46182
0.46313 0.46182
0.46313 0.46182
0.46313 0.46182
0.46313 0.46182
0.46313 0.46183
0.46313 0.46183
0.46313 0.46183
0.46313 0.46183
0.46313 0.46183
0.46313 0.46184
0.46313 0.46184
0.46313 0.46184
0.46313 0.46184
0.46309 0.46184
0.46303 0.46185
0.46299 0.46185
0.46296 0.46185
0.46293 0.46185
0.46290 0.46185
0.46288 0.46185
0.46285 0.46186
0.46282 0.46186
0.46279 0.46186
0.46276 0.46186
0.46273 0.46186
0.46270 0.46186
0.46267 0.46186
0.46264 0.46186
0.46261 0.46187
0.46258 0.46187
0.46255 0.46187
0.46252 0.46187
0.46249 0.46187
0.46246 0.46187
0.46243 0.46187
0.46240 0.46187
0.46237 0.46187
0.46234 0.46187
0.46231 0.46187
0.46228 0.46187
0.46225 0.46188
0.46222 0.46188
0.46219 0.46188
0.46216 0.46188
0.46208 0.46188
0.46199 0.46188
0.46190 0.46188
0.46181 0.46188
0.46172 0.46188
0.46163 0.46188
0.46154 0.46188
0.46145 0.46188
0.46136 0.46187
0.46127 0.46187
0.46123 0.46187
0.46120 0.46187
0.46117 0.46187
0.46114 0.46187
0.46111 0.46187
0.46108 0.46187
0.46105 0.46187
0.46102 0.46187
0.46099 0.46186
0.46096 0.46186
0.46093 0.46186
0.46090 0.46186
0.46087 0.46186
0.46084 0.46186
0.46081 0.46186
0.46078 0.46185
0.46075 0.46185
0.46072 0.46185
0.46069 0.46185
0.46066 0.46185
0.46063 0.46185
0.46060 0.46184
0.46057 0.46184
0.46054 0.46184
0.46051 0.46184
0.46048 0.46184
0.46045 0.46183
0.46042 0.46183
0.46039 0.46183
0.46036 0.46183
0.46033 0.46183
0.46036 0.46182
0.46037 0.46182
0.46037 0.46182
0.46037 0.46182
0.46037 0.46182
0.46037 0.46181
0.46037 0.46181
0.46037 0.46181
0.46037 0.46181
0.46037 0.46181
0.46037 0.46180
0.46037 0.46180
0.46037 0.46180
0.46037 0.46180
0.46037 0.46180
0.46037 0.46179
0.46037 0.46179
0.46037 0.46179
0.46037 0.46179
0.46042 0.46179
0.46048 0.46179
0.46054 0.46178
0.46057 0.46178
0.46060 0.46178
0.46063 0.46178
0.46066 0.46178
0.46069 0.46178
0.46072 0.46177
0.46075 0.46177
0.46078 0.46177
0.46081 0.46177
0.46084 0.46177
0.46087 0.46177
0.46090 0.46177
0.46093 0.46177
0.46096 0.46176
0.46099 0.46176
0.46102 0.46176
0.46105 0.46176
0.46108 0.46176
0.46111 0.46176
0.46114 0.46176
0.46117 0.46176
0.46120 0.46176
0.46123 0.46176
0.46126 0.46176
0.46129 0.46176
0.46132 0.46176
0.46135 0.46175
0.46138 0.46175
0.46147 0.46175
0.46156 0.46175
0.46165 0.46175
0.46174 0.46175
0.46183 0.46175
0.46192 0.46175
0.46201 0.46175
0.46210 0.46175
0.46219 0.46175
0.46228 0.46176
0.46231 0.46176
0.46234 0.46176
0.46237 0.46176
0.46240 0.46176
0.46243 0.46176
0.46246 0.46176
0.46249 0.46176
0.46252 0.46176
0.46255 0.46176
0.46258 0.46176
0.46261 0.46177
0.46264 0.46177
0.46267 0.46177
0.46270 0.46177
0.46273 0.46177
0.46276 0.46177
0.46279 0.46177
0.46282 0.46177
0.46285 0.46178
0.46288 0.46178
0.46291 0.46178
0.46294 0.46178
0.46297 0.46178
0.46300 0.46178
0.46303 0.46178
0.46306 0.46179
0.46309 0.46179
0.46312 0.46179
0.46317 0.46179
0.46323 0.46179
0.46328 0.46179
0.46328 0.46180
0.46328 0.46180
0.46328 0.46180
0.46328 0.46180
0.46328 0.46180
0.46328 0.46181
0.46328 0.46181
0.46328 0.46181
0.46328 0.46181
0.46328 0.46181
0.46328 0.46181
0.46328 0.46182
0.46328 0.46182
0.46328 0.46182
0.46328 0.46182
0.46328 0.46182
0.46328 0.46182
0.46328 0.46183
0.46330 0.46183
0.46327 0.46183
0.46324 0.46183
0.46321 0.46183
0.46318 0.46184
0.46315 0.46184
0.46312 0.46184
0.46309 0.46184
0.46306 0.46184
0.46303 0.46184
0.46300 0.46184
0.46297 0.46185
0.46294 0.46185
0.46291 0.46185
0.46288 0.46185
0.46285 0.46185
0.46282 0.46185
0.46279 0.46185
0.46276 0.46185
0.46273 0.46185
0.46270 0.46186
0.46268 0.46186
0.46265 0.46186
0.46262 0.46186
0.46259 0.46186
0.46256 0.46186
0.46253 0.46186
0.46250 0.46186
0.46247 0.46186
0.46244 0.46186
0.46241 0.46186
0.46236 0.46186
0.46227 0.46186
0.46218 0.46187
0.46209 0.46187
0.46200 0.46187
0.46191 0.46187
0.46182 0.46187
0.46173 0.46187
0.46165 0.46187
0.46156 0.46186
0.46147 0.46186
0.46144 0.46186
0.46141 0.46186
0.46138 0.46186
0.46135 0.46186
0.46132 0.46186
0.46129 0.46186
0.46126 0.46186
0.46123 0.46186
0.46120 0.46186
0.46117 0.46186
0.46114 0.46186
0.46111 0.46186
0.46108 0.46186
0.46105 0.46185
0.46102 0.46185
0.46100 0.46185
0.46097 0.46185
0.46094 0.46185
0.46091 0.46185
0.46088 0.46185
0.46085 0.46185
0.46082 0.46185
0.46079 0.46185
0.46076 0.46184
0.46073 0.46184
0.46070 0.46184
0.46067 0.46184
0.46064 0.46184
0.46058 0.46184
0.46052 0.46184
0.46049 0.46183
0.46049 0.46183
0.46049 0.46183
0.46049 0.46183
0.46049 0.46183
0.46049 0.46183
0.46049 0.46183
0.46049 0.46182
0.46049 0.46182
0.46049 0.46182
0.46049 0.46182
0.46049 0.46182
0.46049 0.46182
0.46049 0.46182
0.46049 0.46181
0.46049 0.46181
0.46049 0.46181
0.46049 0.46181
0.46046 0.46181
0.46045 0.46181
0.46048 0.46180
0.46051 0.46180
0.46053 0.46180
0.46056 0.46180
0.46059 0.46180
0.46062 0.46180
0.46065 0.46180
0.46068 0.46180
0.46071 0.46179
0.46074 0.46179
0.46077 0.46179
0.46080 0.46179
0.46083 0.46179
0.46086 0.46179
0.46089 0.46179
0.46092 0.46179
0.46095 0.46179
0.46098 0.46179
0.46101 0.46178
0.46104 0.46178
0.46107 0.46178
0.46110 0.46178
0.46113 0.46178
0.46116 0.46178
0.46119 0.46178
0.46122 0.46178
0.46125 0.46178
0.46128 0.46178
0.46131 0.46178
0.46134 0.46178
0.46140 0.46178
0.46148 0.46178
0.46154 0.46178
0.46160 0.46178
0.46166 0.46178
0.46172 0.46178
0.46178 0.46178
0.46185 0.46178
0.46194 0.46178
0.46203 0.46178
0.46210 0.46178
0.46213 0.46178
0.46216 0.46178
0.46219 0.46178
0.46222 0.46178
0.46225 0.46178
0.46228 0.46178
0.46231 0.46178
0.46234 0.46178
0.46237 0.46178
0.46240 0.46178
0.46243 0.46178
0.46246 0.46178
0.46248 0.46178
0.46251 0.46179
0.46254 0.46179
0.46257 0.46179
0.46260 0.46179
0.46263 0.46179
0.46266 0.46179
0.46269 0.46179
0.46272 0.46179
0.46275 0.46179
0.46278 0.46179
0.46281 0.46179
0.46284 0.46180
0.46287 0.46180
0.46290 0.46180
0.46293 0.46180
0.46296 0.46180
0.46301 0.46180
0.46303 0.46180
0.46303 0.46180
0.46303 0.46180
0.46303 0.46181
0.46303 0.46181
0.46303 0.46181
0.46303 0.46181
0.46303 0.46181
0.46303 0.46181
0.46303 0.46181
0.46303 0.46181
0.46303 0.46182
0.46303 0.46182
0.46303 0.46182
0.46303 0.46182
0.46303 0.46182
0.46303 0.46182
0.46303 0.46182
0.46304 0.46182
0.46305 0.46183
0.46302 0.46183
0.46299 0.46183
0.46296 0.46183
0.46293 0.46183
0.46290 0.46183
0.46287 0.46183
0.46284 0.46183
0.46281 0.46183
0.46278 0.46183
0.46275 0.46184
0.46272 0.46184
0.46269 0.46184
0.46266 0.46184
0.46263 0.46184
0.46260 0.46184
0.46257 0.46184
0.46254 0.46184
0.46251 0.46184
0.46248 0.46184
0.46245 0.46184
0.46242 0.46184
0.46239 0.46184
0.46236 0.46184
0.46233 0.46185
0.46230 0.46185
0.46227 0.46185
0.46224 0.46185
0.46222 0.46185
0.46222 0.46185
0.46222 0.46185
0.46218 0.46185
0.46212 0.46185
0.46206 0.46185
0.46200 0.46185
0.46194 0.46185
0.46188 0.46185
0.46182 0.46185
0.46176 0.46185
0.46170 0.46185
0.46164 0.46185
0.46161 0.46185
0.46159 0.46185
0.46156 0.46185
0.46153 0.46185
0.46150 0.46185
0.46147 0.46185
0.46144 0.46185
0.46141 0.46185
0.46138 0.46185
0.46135 0.46184
0.46132 0.46184
0.46129 0.46184
0.46126 0.46184
0.46123 0.46184
0.46120 0.46184
0.46117 0.46184
0.46114 0.46184
0.46111 0.46184
0.46108 0.46184
0.46105 0.46184
0.46102 0.46184
0.46099 0.46184
0.46096 0.46184
0.46093 0.46184
0.46090 0.46183
0.46087 0.46183
0.46085 0.46183
0.46082 0.46183
0.46079 0.46183
0.46076 0.46183
0.46070 0.46183
0.46069 0.46183
0.46069 0.46183
0.46069 0.46183
0.46069 0.46182
0.46069 0.46182
0.46069 0.46182
0.46069 0.46182
0.46069 0.46182
0.46069 0.46182
0.46069 0.46182
0.46069 0.46182
0.46069 0.46182
0.46069 0.46182
0.46069 0.46181
0.46069 0.46181
0.46069 0.46181
0.46069 0.46181
0.46068 0.46181
0.46065 0.46181
0.46066 0.46181
0.46069 0.46181
0.46072 0.46181
0.46075 0.46180
0.46078 0.46180
0.46081 0.46180
0.46084 0.46180
0.46086 0.46180
0.46089 0.46180
0.46092 0.46180
0.46095 0.46180
0.46098 0.46180
0.46101 0.46180
0.46104 0.46180
0.46107 0.46180
0.46110 0.46180
0.46113 0.46180
0.46116 0.46179
0.46119 0.46179
0.46122 0.46179
0.46125 0.46179
0.46128 0.46179
0.46131 0.46179
0.46134 0.46179
0.46136 0.46179
0.46136 0.46179
0.46136 0.46179
0.46136 0.46179
0.46136 0.46179
0.46136 0.46179
0.46136 0.46179
0.46142 0.46179
0.46148 0.46179
0.46154 0.46179
0.46160 0.46179
0.46166 0.46179
0.46172 0.46179
0.46178 0.46179
0.46183 0.46179
0.46189 0.46179
0.46195 0.46179
0.46197 0.46179
0.46197 0.46179
0.46197 0.46179
0.46197 0.46179
0.46200 0.46179
0.46203 0.46179
0.46206 0.46179
0.46209 0.46179
0.46212 0.46179
0.46215 0.46179
0.46218 0.46179
0.46221 0.46179
0.46224 0.46179
0.46227 0.46179
0.46229 0.46179
0.46232 0.46179
0.46235 0.46179
0.46238 0.46179
0.46241 0.46179
0.46244 0.46179
0.46247 0.46180
0.46250 0.46180
0.46253 0.46180
0.46256 0.46180
0.46259 0.46180
0.46262 0.46180
0.46265 0.46180
0.46268 0.46180
0.46271 0.46180
0.46275 0.46180
0.46281 0.46180
0.46281 0.46180
0.46281 0.46180
0.46281 0.46181
0.46281 0.46181
0.46281 0.46181
0.46281 0.46181
0.46281 0.46181
0.46281 0.46181
0.46281 0.46181
0.46281 0.46181
0.46281 0.46181
0.46281 0.46181
0.46281 0.46181
0.46281 0.46181
0.46281 0.46182
0.46281 0.46182
0.46283 0.46182
0.46286 0.46182
0.46289 0.46182
0.46287 0.46182
0.46284 0.46182
0.46281 0.46182
0.46278 0.46182
0.46275 0.46182
0.46272 0.46182
0.46269 0.46182
0.46266 0.46182
0.46263 0.46183
0.46260 0.46183
0.46257 0.46183
0.46254 0.46183
0.46251 0.46183
0.46248 0.46183
0.46245 0.46183
0.46242 0.46183
0.46239 0.46183
0.46236 0.46183
0.46233 0.46183
0.46230 0.46183
0.46229 0.46183
0.46229 0.46183
0.46229 0.46183
0.46229 0.46183
0.46229 0.46183
0.46229 0.46183
0.46229 0.46183
0.46229 0.46183
0.46229 0.46183
0.46229 0.46184
0.46228 0.46184
0.46222 0.46184
0.46216 0.46184
0.46210 0.46184
0.46204 0.46184
0.46198 0.46184
0.46192 0.46184
0.46186 0.46184
0.46180 0.46184
0.46174 0.46184
0.46168 0.46184
0.46168 0.46184
0.46168 0.46184
0.46168 0.46184
0.46168 0.46184
0.46168 0.46184
0.46168 0.46184
0.46168 0.46184
0.46166 0.46184
0.46163 0.46184
0.46160 0.46184
0.46157 0.46183
0.46154 0.46183
0.46151 0.46183
0.46148 0.46183
0.46145 0.46183
0.46142 0.46183
0.46140 0.46183
0.46137 0.46183
0.46134 0.46183
0.46131 0.46183
0.46128 0.46183
0.46125 0.46183
0.46122 0.46183
0.46119 0.46183
0.46116 0.46183
0.46113 0.46183
0.46110 0.46183
0.46107 0.46183
0.46104 0.46183
0.46101 0.46183
0.46097 0.46183
0.46097 0.46183
0.46097 0.46182
0.46097 0.46182
0.46097 0.46182
0.46097 0.46182
0.46097 0.46182
0.46097 0.46182
0.46097 0.46182
0.46097 0.46182
0.46097 0.46182
0.46097 0.46182
0.46097 0.46182
0.46097 0.46182
0.46097 0.46182
0.46097 0.46182
0.46097 0.46181
0.46094 0.46181
0.46091 0.46181
0.46088 0.46181
0.46091 0.46181
0.46094 0.46181
0.46097 0.46181
0.46100 0.46181
0.46103 0.46181
0.46106 0.46181
0.46109 0.46181
0.46112 0.46181
0.46115 0.46181
0.46118 0.46181
0.46121 0.46181
0.46124 0.46181
0.46127 0.46181
0.46130 0.46181
0.46133 0.46180
0.46136 0.46180
0.46139 0.46180
0.46142 0.46180
0.46142 0.46180
0.46142 0.46180
0.46142 0.46180
0.46142 0.46180
0.46142 0.46180
0.46142 0.46180
0.46142 0.46180
0.46142 0.46180
0.46142 0.46180
0.46142 0.46180
0.46142 0.46180
0.46142 0.46180
0.46144 0.46180
0.46150 0.46180
0.46156 0.46180
0.46162 0.46180
0.46168 0.46180
0.46174 0.46180
0.46180 0.46180
0.46186 0.46180
0.46192 0.46180
0.46198 0.46180
0.46203 0.46180
0.46203 0.46180
0.46203 0.46180
0.46203 0.46180
0.46203 0.46180
0.46203 0.46180
0.46203 0.46180
0.46203 0.46180
0.46203 0.46180
0.46203 0.46180
0.46203 0.46180
0.46204 0.46180
0.46207 0.46180
0.46210 0.46180
0.46212 0.46180
0.46215 0.46180
0.46218 0.46180
0.46221 0.46180
0.46224 0.46180
0.46227 0.46180
0.46230 0.46180
0.46233 0.46180
0.46236 0.46181
0.46239 0.46181
0.46242 0.46181
0.46245 0.46181
0.46248 0.46181
0.46251 0.46181
0.46254 0.46181
0.46257 0.46181
0.46260 0.46181
0.46260 0.46181
0.46259 0.46181
0.46259 0.46181
0.46259 0.46181
0.46259 0.46181
0.46259 0.46181
0.46259 0.46181
0.46259 0.46181
0.46259 0.46181
0.46259 0.46181
0.46259 0.46182
0.46259 0.46182
0.46259 0.46182
0.46259 0.46182
0.46259 0.46182
0.46259 0.46182
0.46259 0.46182
0.46259 0.46182
0.46261 0.46182
0.46262 0.46182
0.46259 0.46182
0.46256 0.46182
0.46254 0.46182
0.46251 0.46182
0.46248 0.46182
0.46245 0.46182
0.46242 0.46182
0.46239 0.46182
0.46236 0.46182
0.46233 0.46183
0.46230 0.46183
0.46227 0.46183
0.46224 0.46183
0.46221 0.46183
0.46218 0.46183
0.46215 0.46183
0.46212 0.46183
0.46209 0.46183
0.46207 0.46183
0.46207 0.46183
0.46207 0.46183
0.46207 0.46183
0.46207 0.46183
0.46207 0.46183
0.46207 0.46183
0.46207 0.46183
0.46207 0.46183
0.46207 0.46183
0.46207 0.46183
0.46207 0.46183
0.46203 0.46183
0.46197 0.46183
0.46191 0.46183
0.46185 0.46183
0.46179 0.46183
0.46173 0.46183
0.46167 0.46183
0.46161 0.46183
0.46155 0.46183
0.46149 0.46183
0.46146 0.46183
0.46146 0.46183
0.46146 0.46183
0.46146 0.46183
0.46146 0.46183
0.46146 0.46183
0.46146 0.46183
0.46146 0.46183
0.46146 0.46183
0.46146 0.46183
0.46146 0.46183
0.46146 0.46183
0.46146 0.46183
0.46143 0.46183
0.46140 0.46182
0.46137 0.46182
0.46134 0.46182
0.46131 0.46182
0.46128 0.46182
0.46126 0.46182
0.46123 0.46182
0.46120 0.46182
0.46117 0.46182
0.46114 0.46182
0.46111 0.46182
0.46108 0.46182
0.46105 0.46182
0.46102 0.46182
0.46099 0.46182
0.46096 0.46182
0.46093 0.46182
0.46094 0.46182
0.46097 0.46182
0.46100 0.46182
0.46100 0.46182
0.46100 0.46181
0.46100 0.46181
0.46100 0.46181
0.46100 0.46181
0.46100 0.46181
0.46100 0.46181
0.46100 0.46181
0.46100 0.46181
0.46100 0.46181
0.46100 0.46181
0.46100 0.46181
0.46100 0.46181
0.46100 0.46181
0.46100 0.46181
0.46100 0.46181
0.46102 0.46181
0.46105 0.46181
0.46108 0.46181
0.46111 0.46180
0.46114 0.46180
0.46117 0.46180
0.46120 0.46180
0.46123 0.46180
0.46126 0.46180
0.46129 0.46180
0.46132 0.46180
0.46135 0.46180
0.46138 0.46180
0.46141 0.46180
0.46144 0.46180
0.46147 0.46180
0.46150 0.46180
0.46153 0.46180
0.46156 0.46180
0.46159 0.46180
0.46162 0.46180
0.46165 0.46180
0.46167 0.46180
0.46167 0.46180
0.46167 0.46180
0.46167 0.46180
0.46167 0.46180
0.46167 0.46180
0.46167 0.46180
0.46167 0.46180
0.46167 0.46180
0.46172 0.46180
0.46178 0.46180
0.46184 0.46180
0.46190 0.46180
0.46196 0.46180
0.46202 0.46180
0.46208 0.46180
0.46214 0.46180
0.46220 0.46180
0.46226 0.46180
0.46228 0.46180
0.46228 0.46180
0.46228 0.46180
0.46228 0.46180
0.46228 0.46180
0.46228 0.46180
0.46228 0.46180
0.46228 0.46180
0.46228 0.46180
0.46228 0.46180
0.46228 0.46180
0.46229 0.46180
0.46232 0.46180
0.46235 0.46180
0.46238 0.46181
0.46241 0.46181
0.46244 0.46181
0.46247 0.46181
0.46250 0.46181
0.46253 0.46181
0.46256 0.46181
0.46259 0.46181
0.46262 0.46181
0.46265 0.46181
0.46268 0.46181
0.46271 0.46181
0.46274 0.46181
0.46277 0.46181
0.46280 0.46181
0.46282 0.46181
0.46285 0.46181
0.46283 0.46181
0.46280 0.46182
0.46277 0.46182
0.46277 0.46182
0.46277 0.46182
0.46277 0.46182
0.46277 0.46182
0.46277 0.46182
0.46277 0.46182
0.46277 0.46182
0.46277 0.46182
0.46277 0.46182
0.46277 0.46182
0.46277 0.46182
0.46277 0.46182
0.46277 0.46182
0.46277 0.46182
0.46277 0.46182
0.46277 0.46183
0.46272 0.46183
0.46268 0.46183
0.46265 0.46183
0.46262 0.46183
0.46259 0.46183
0.46256 0.46183
0.46253 0.46183
0.46250 0.46183
0.46247 0.46183
0.46244 0.46183
0.46241 0.46183
0.46238 0.46183
0.46235 0.46183
0.46232 0.46183
0.46229 0.46183
0.46226 0.46183
0.46223 0.46183
0.46220 0.46183
0.46217 0.46183
0.46214 0.46183
0.46211 0.46183
0.46208 0.46183
0.46205 0.46183
0.46202 0.46183
0.46199 0.46183
0.46196 0.46183
0.46196 0.46183
0.46196 0.46183
0.46196 0.46183
0.46196 0.46183
0.46195 0.46183
0.46189 0.46183
0.46183 0.46183
0.46177 0.46183
0.46171 0.46183
0.46165 0.46183
0.46159 0.46183
0.46153 0.46183
0.46147 0.46183
0.46141 0.46183
0.46135 0.46183
0.46135 0.46183
0.46135 0.46183
0.46135 0.46183
0.46135 0.46183
0.46135 0.46183
0.46135 0.46183
0.46135 0.46183
0.46134 0.46183
0.46131 0.46183
0.46128 0.46183
0.46125 0.46183
0.46122 0.46183
0.46119 0.46183
0.46116 0.46183
0.46113 0.46183
0.46110 0.46183
0.46107 0.46183
0.46104 0.46183
0.46101 0.46183
0.46098 0.46183
0.46095 0.46182
0.46092 0.46182
0.46089 0.46182
0.46086 0.46182
0.46083 0.46182
0.46080 0.46182
0.46077 0.46182
0.46074 0.46182
0.46071 0.46182
0.46068 0.46182
0.46066 0.46182
0.46069 0.46182
0.46072 0.46182
0.46072 0.46182
0.46072 0.46182
0.46072 0.46182
0.46072 0.46181
0.46072 0.46181
0.46072 0.46181
0.46072 0.46181
0.46072 0.46181
0.46072 0.46181
0.46072 0.46181
0.46072 0.46181
0.46072 0.46181
0.46072 0.46181
0.46072 0.46181
0.46072 0.46181
0.46072 0.46181
0.46072 0.46181
0.46078 0.46181
0.46081 0.46180
0.46084 0.46180
0.46087 0.46180
0.46090 0.46180
0.46093 0.46180
0.46096 0.46180
0.46099 0.46180
0.46102 0.46180
0.46105 0.46180
0.46108 0.46180
0.46111 0.46180
0.46114 0.46180
0.46117 0.46180
0.46120 0.46180
0.46123 0.46180
0.46126 0.46180
0.46129 0.46180
0.46132 0.46180
0.46135 0.46180
0.46138 0.46180
0.46141 0.46180
0.46144 0.46180
0.46147 0.46180
0.46150 0.46180
0.46153 0.46180
0.46156 0.46180
0.46159 0.46180
0.46162 0.46180
0.46162 0.46180
0.46165 0.46180
0.46171 0.46180
0.46177 0.46180
0.46183 0.46180
0.46189 0.46180
0.46195 0.46180
0.46201 0.46180
0.46207 0.46180
0.46212 0.46180
0.46218 0.46180
0.46224 0.46180
0.46224 0.46180
0.46224 0.46180
0.46224 0.46180
0.46226 0.46180
0.46229 0.46180
0.46232 0.46180
0.46235 0.46180
0.46238 0.46180
0.46241 0.46180
0.46244 0.46180
0.46247 0.46180
0.46250 0.46180
0.46253 0.46180
0.46256 0.46180
0.46259 0.46180
0.46262 0.46180
0.46265 0.46180
0.46268 0.46180
0.46271 0.46180
0.46274 0.46180
0.46277 0.46180
0.46280 0.46181
0.46283 0.46181
0.46286 0.46181
0.46289 0.46181
0.46292 0.46181
0.46295 0.46181
0.46298 0.46181
0.46301 0.46181
0.46304 0.46181
0.46304 0.46181
0.46302 0.46181
0.46302 0.46181
0.46302 0.46181
0.46302 0.46181
0.46302 0.46181
0.46302 0.46182
0.46302 0.46182
0.46302 0.46182
0.46302 0.46182
0.46302 0.46182
0.46302 0.46182
0.46302 0.46182
0.46302 0.46182
0.46302 0.46182
0.46302 0.46182
0.46302 0.46182
0.46302 0.46182
0.46302 0.46182
0.46300 0.46182
0.46295 0.46182
0.46292 0.46183
0.46289 0.46183
0.46286 0.46183
0.46283 0.46183
0.46280 0.46183
0.46277 0.46183
0.46274 0.46183
0.46271 0.46183
0.46268 0.46183
0.46265 0.46183
0.46262 0.46183
0.46259 0.46183
0.46256 0.46183
0.46253 0.46183
0.46250 0.46183
0.46247 0.46183
0.46244 0.46183
0.46241 0.46183
0.46238 0.46183
0.46235 0.46183
0.46232 0.46183
0.46229 0.46183
0.46226 0.46183
0.46223 0.46184
0.46220 0.46184
0.46217 0.46184
0.46214 0.46184
0.46211 0.46184
0.46208 0.46184
0.46201 0.46184
0.46192 0.46184
0.46185 0.46184
0.46179 0.46184
0.46173 0.46184
0.46167 0.46184
0.46161 0.46184
0.46155 0.46184
0.46149 0.46184
0.46143 0.46184
0.46137 0.46183
0.46134 0.46183
0.46131 0.46183
0.46128 0.46183
0.46125 0.46183
0.46122 0.46183
0.46119 0.46183
0.46116 0.46183
0.46113 0.46183
0.46110 0.46183
0.46107 0.46183
0.46104 0.46183
0.46101 0.46183
0.46098 0.46183
0.46095 0.46183
0.46092 0.46183
0.46089 0.46183
0.46086 0.46183
0.46083 0.46183
0.46080 0.46183
0.46077 0.46183
0.46074 0.46183
0.46071 0.46183
0.46068 0.46182
0.46065 0.46182
0.46062 0.46182
0.46059 0.46182
0.46056 0.46182
0.46053 0.46182
0.46050 0.46182
0.46047 0.46182
0.46049 0.46182
0.46051 0.46182
0.46051 0.46182
0.46051 0.46182
0.46051 0.46182
0.46051 0.46182
0.46051 0.46181
0.46051 0.46181
0.46051 0.46181
0.46051 0.46181
0.46051 0.46181
0.46051 0.46181
0.46051 0.46181
0.46051 0.46181
0.46051 0.46181
0.46051 0.46181
0.46051 0.46181
0.46051 0.46181
0.46051 0.46181
0.46054 0.46181
0.46060 0.46180
0.46064 0.46180
0.46067 0.46180
0.46070 0.46180
0.46073 0.46180
0.46076 0.46180
0.46079 0.46180
0.46082 0.46180
0.46085 0.46180
0.46088 0.46180
0.46091 0.46180
0.46094 0.46180
0.46097 0.46180
0.46100 0.46180
0.46103 0.46180
0.46106 0.46180
0.46109 0.46180
0.46112 0.46180
0.46115 0.46180
0.46118 0.46180
0.46121 0.46180
0.46124 0.46179
0.46127 0.46179
0.46130 0.46179
0.46133 0.46179
0.46136 0.46179
0.46139 0.46179
0.46142 0.46179
0.46145 0.46179
0.46148 0.46179
0.46157 0.46179
0.46165 0.46179
0.46174 0.46179
0.46183 0.46179
0.46192 0.46179
0.46201 0.46179
0.46210 0.46179
0.46219 0.46179
0.46228 0.46179
0.46237 0.46179
0.46242 0.46179
0.46245 0.46179
0.46248 0.46180
0.46251 0.46180
0.46254 0.46180
0.46257 0.46180
0.46260 0.46180
0.46263 0.46180
0.46266 0.46180
0.46269 0.46180
0.46272 0.46180
0.46275 0.46180
0.46278 0.46180
0.46281 0.46180
0.46284 0.46180
0.46287 0.46180
0.46290 0.46180
0.46293 0.46180
0.46296 0.46180
0.46299 0.46180
0.46302 0.46180
0.46305 0.46180
0.46308 0.46181
0.46311 0.46181
0.46314 0.46181
0.46317 0.46181
0.46320 0.46181
0.46323 0.46181
0.46326 0.46181
0.46328 0.46181
0.46331 0.46181
0.46328 0.46181
0.46327 0.46181
0.46327 0.46181
0.46327 0.46181
0.46327 0.46182
0.46327 0.46182
0.46327 0.46182
0.46327 0.46182
0.46327 0.46182
0.46327 0.46182
0.46327 0.46182
0.46327 0.46182
0.46327 0.46182
0.46327 0.46182
0.46327 0.46182
0.46327 0.46182
0.46327 0.46182
0.46327 0.46183
0.46327 0.46183
0.46322 0.46183
0.46316 0.46183
0.46310 0.46183
0.46306 0.46183
0.46303 0.46183
0.46300 0.46183
0.46297 0.46183
0.46294 0.46183
0.46291 0.46183
0.46288 0.46183
0.46285 0.46183
0.46282 0.46183
0.46279 0.46183
0.46276 0.46183
0.46273 0.46183
0.46270 0.46184
0.46267 0.46184
0.46264 0.46184
0.46261 0.46184
0.46258 0.46184
0.46255 0.46184
0.46252 0.46184
0.46249 0.46184
0.46246 0.46184
0.46243 0.46184
0.46240 0.46184
0.46237 0.46184
0.46234 0.46184
0.46231 0.46184
0.46228 0.46184
0.46224 0.46184
0.46215 0.46184
0.46206 0.46184
0.46197 0.46184
0.46188 0.46184
0.46179 0.46184
0.46170 0.46184
0.46161 0.46184
0.46152 0.46184
0.46144 0.46184
0.46135 0.46184
0.46131 0.46184
0.46128 0.46184
0.46125 0.46184
0.46122 0.46184
0.46119 0.46184
0.46116 0.46184
0.46113 0.46184
0.46110 0.46184
0.46107 0.46184
0.46104 0.46184
0.46101 0.46184
0.46098 0.46184
0.46095 0.46183
0.46092 0.46183
0.46089 0.46183
0.46086 0.46183
0.46083 0.46183
0.46080 0.46183
0.46078 0.46183
0.46075 0.46183
0.46072 0.46183
0.46069 0.46183
0.46066 0.46183
0.46063 0.46183
0.46060 0.46183
0.46057 0.46183
0.46054 0.46183
0.46050 0.46183
0.46044 0.46183
0.46038 0.46183
0.46034 0.46182
0.46034 0.46182
0.46034 0.46182
0.46034 0.46182
0.46034 0.46182
0.46034 0.46182
0.46034 0.46182
0.46034 0.46182
0.46034 0.46182
0.46034 0.46182
0.46034 0.46182
0.46034 0.46182
0.46034 0.46182
