QEq 0.46060
0.00029 0.00029
0.00118 0.00074
0.00265 0.00137
0.00470 0.00220
0.00734 0.00323
0.01055 0.00445
0.01434 0.00586
0.01871 0.00747
0.02363 0.00927
0.02912 0.01125
0.03515 0.01342
0.04173 0.01578
0.04885 0.01833
0.05649 0.02105
0.06465 0.02396
0.07331 0.02704
0.08247 0.03030
0.09212 0.03374
0.10223 0.03734
0.11280 0.04112
0.12382 0.04505
0.13527 0.04916
0.14714 0.05342
0.15940 0.05783
0.17205 0.06240
0.18507 0.06712
0.19845 0.07198
0.21215 0.07699
0.22618 0.08213
0.24051 0.08741
0.25512 0.09282
0.26999 0.09836
0.28511 0.10402
0.30045 0.10980
0.31600 0.11569
0.33173 0.12169
0.34763 0.12779
0.36368 0.13400
0.37985 0.14031
0.39612 0.14670
0.41248 0.15318
0.42890 0.15975
0.44537 0.16639
0.46185 0.17311
0.47833 0.17989
0.49479 0.18673
0.51121 0.19364
0.52757 0.20060
0.54385 0.20760
0.56002 0.21465
0.57606 0.22174
0.59197 0.22885
0.60770 0.23600
0.62324 0.24317
0.63859 0.25036
0.65370 0.25757
0.66858 0.26478
0.68318 0.27199
0.69751 0.27920
0.71154 0.28641
0.72525 0.29360
0.73862 0.30078
0.75164 0.30794
0.76429 0.31507
0.77655 0.32217
0.78842 0.32923
0.79986 0.33626
0.81088 0.34324
0.82145 0.35017
0.83156 0.35704
0.84121 0.36386
0.85037 0.37062
0.85903 0.37731
0.86719 0.38393
0.87483 0.39048
0.88194 0.39694
0.88852 0.40333
0.89455 0.40962
0.90004 0.41583
0.90496 0.42195
0.90932 0.42796
0.91311 0.43388
0.91633 0.43969
0.91896 0.44540
0.92102 0.45099
0.92248 0.45648
0.92336 0.46184
0.92366 0.46709
0.92336 0.47222
0.92247 0.47722
0.92100 0.48210
0.91895 0.48684
0.91631 0.49146
0.91309 0.49595
0.90929 0.50030
0.90493 0.50451
0.90000 0.50859
0.89451 0.51253
0.88847 0.51633
0.88189 0.51998
0.87477 0.52349
0.86713 0.52686
0.85897 0.53009
0.85030 0.53317
0.84114 0.53610
0.83149 0.53889
0.82138 0.54153
0.81080 0.54402
0.79978 0.54637
0.78833 0.54857
0.77646 0.55062
0.76419 0.55253
0.75154 0.55429
0.73852 0.55590
0.72514 0.55737
0.71143 0.55870
0.69740 0.55989
0.68307 0.56093
0.66846 0.56184
0.65359 0.56260
0.63847 0.56323
0.62313 0.56372
0.60758 0.56408
0.59184 0.56430
0.57594 0.56439
0.55989 0.56436
0.54372 0.56419
0.52744 0.56391
0.51108 0.56350
0.49466 0.56297
0.47819 0.56232
0.46171 0.56156
0.44523 0.56068
0.42877 0.55970
0.41235 0.55861
0.39599 0.55741
0.37971 0.55612
0.36354 0.55472
0.34749 0.55323
0.33159 0.55165
0.31586 0.54997
0.30031 0.54822
0.28497 0.54637
0.26985 0.54445
0.25498 0.54246
0.24037 0.54039
0.22605 0.53825
0.21202 0.53605
0.19831 0.53378
0.18494 0.53145
0.17192 0.52907
0.15927 0.52664
0.14701 0.52416
0.13515 0.52163
0.12370 0.51907
0.11269 0.51646
0.10212 0.51382
0.09200 0.51115
0.08236 0.50845
0.07321 0.50573
0.06454 0.50299
0.05639 0.50024
0.04875 0.49747
0.04164 0.49469
0.03506 0.49190
0.02903 0.48911
0.02355 0.48633
0.01862 0.48354
0.01426 0.48077
0.01048 0.47800
0.00726 0.47525
0.00463 0.47251
0.00258 0.46979
0.00112 0.46710
0.00024 0.46443
-0.00005 0.46179
0.00025 0.45919
0.00113 0.45661
0.00261 0.45408
0.00467 0.45158
0.00731 0.44912
0.01053 0.44671
0.01433 0.44435
0.01869 0.44204
0.02363 0.43978
0.02912 0.43757
0.03516 0.43542
0.04174 0.43332
0.04886 0.43129
0.05651 0.42932
0.06467 0.42741
0.07334 0.42556
0.08251 0.42379
0.09216 0.42208
0.10228 0.42044
0.11285 0.41887
0.12388 0.41737
0.13533 0.41595
0.14720 0.41459
0.15947 0.41332
0.17212 0.41212
0.18515 0.41100
0.19853 0.40995
0.21224 0.40898
0.22627 0.40809
0.24060 0.40728
0.25521 0.40654
0.27009 0.40588
0.28521 0.40531
0.30056 0.40481
0.31611 0.40439
0.33185 0.40405
0.34775 0.40378
0.36380 0.40359
0.37997 0.40349
0.39625 0.40345
0.41261 0.40349
0.42903 0.40361
0.44550 0.40380
0.46198 0.40407
0.47846 0.40440
0.49493 0.40481
0.51135 0.40529
0.52771 0.40584
0.54399 0.40645
0.56016 0.40713
0.57620 0.40787
0.59211 0.40868
0.60784 0.40955
0.62339 0.41048
0.63873 0.41147
0.65385 0.41251
0.66872 0.41361
0.68333 0.41477
0.69765 0.41597
0.71168 0.41722
0.72538 0.41852
0.73876 0.41987
0.75177 0.42126
0.76442 0.42269
0.77669 0.42416
0.78855 0.42566
0.79999 0.42720
0.81101 0.42878
0.82158 0.43038
0.83169 0.43201
0.84133 0.43367
0.85048 0.43535
0.85914 0.43705
0.86730 0.43877
0.87493 0.44051
0.88204 0.44226
0.88862 0.44403
0.89465 0.44580
0.90013 0.44758
0.90505 0.44937
0.90941 0.45116
0.91319 0.45295
0.91640 0.45474
0.91903 0.45652
0.92108 0.45830
0.92255 0.46008
0.92342 0.46184
0.92371 0.46359
0.92341 0.46532
0.92252 0.46704
0.92104 0.46874
0.91898 0.47042
0.91633 0.47208
0.91311 0.47371
0.90931 0.47532
0.90494 0.47690
0.90001 0.47845
0.89452 0.47997
0.88847 0.48145
0.88188 0.48290
0.87476 0.48432
0.86711 0.48570
0.85895 0.48703
0.85027 0.48833
0.84111 0.48959
0.83145 0.49080
0.82133 0.49197
0.81075 0.49309
0.79973 0.49416
0.78827 0.49519
0.77640 0.49617
0.76413 0.49710
0.75147 0.49798
0.73845 0.49881
0.72507 0.49959
0.71135 0.50032
0.69732 0.50099
0.68298 0.50161
0.66837 0.50217
0.65349 0.50268
0.63837 0.50314
0.62302 0.50354
0.60747 0.50389
0.59173 0.50418
0.57582 0.50442
0.55977 0.50460
0.54360 0.50473
0.52732 0.50481
0.51096 0.50483
0.49453 0.50479
0.47806 0.50471
0.46158 0.50457
0.44510 0.50437
0.42863 0.50413
0.41221 0.50383
0.39585 0.50349
0.37957 0.50309
0.36340 0.50265
0.34736 0.50215
0.33146 0.50161
0.31572 0.50103
0.30017 0.50040
0.28483 0.49972
0.26971 0.49900
0.25484 0.49824
0.24023 0.49744
0.22591 0.49660
0.21188 0.49572
0.19818 0.49480
0.18481 0.49385
0.17179 0.49287
0.15914 0.49185
0.14688 0.49080
0.13502 0.48972
0.12358 0.48862
0.11256 0.48749
0.10199 0.48633
0.09188 0.48515
0.08225 0.48394
0.07309 0.48272
0.06443 0.48148
0.05628 0.48022
0.04864 0.47895
0.04154 0.47766
0.03496 0.47636
0.02893 0.47506
0.02346 0.47374
0.01854 0.47242
0.01418 0.47109
0.01040 0.46976
0.00719 0.46842
0.00456 0.46709
0.00252 0.46576
0.00105 0.46443
0.00018 0.46311
-0.00010 0.46179
0.00020 0.46049
0.00109 0.45919
0.00257 0.45790
0.00463 0.45663
0.00728 0.45537
0.01051 0.45413
0.01431 0.45290
0.01868 0.45170
0.02362 0.45051
0.02911 0.44935
0.03516 0.44821
0.04175 0.44709
0.04887 0.44600
0.05653 0.44493
0.06469 0.44390
0.07337 0.44289
0.08254 0.44191
0.09219 0.44097
0.10232 0.44006
0.11290 0.43918
0.12393 0.43833
0.13538 0.43752
0.14726 0.43675
0.15953 0.43601
0.17219 0.43531
0.18522 0.43465
0.19860 0.43403
0.21232 0.43344
0.22635 0.43290
0.24069 0.43240
0.25531 0.43193
0.27019 0.43151
0.28531 0.43113
0.30066 0.43079
0.31622 0.43050
0.33196 0.43024
0.34786 0.43003
0.36391 0.42986
0.38009 0.42974
0.39637 0.42965
0.41273 0.42961
0.42916 0.42961
0.44563 0.42965
0.46211 0.42973
0.47859 0.42985
0.49506 0.43002
0.51148 0.43022
0.52784 0.43046
0.54412 0.43075
0.56029 0.43107
0.57634 0.43143
0.59224 0.43183
0.60798 0.43226
0.62352 0.43273
0.63887 0.43324
0.65398 0.43378
0.66885 0.43436
0.68346 0.43496
0.69779 0.43560
0.71181 0.43627
0.72552 0.43697
0.73889 0.43770
0.75191 0.43846
0.76455 0.43924
0.77681 0.44005
0.78867 0.44089
0.80012 0.44175
0.81113 0.44262
0.82170 0.44353
0.83180 0.44445
0.84144 0.44538
0.85059 0.44634
0.85925 0.44731
0.86740 0.44830
0.87504 0.44930
0.88214 0.45031
0.88872 0.45133
0.89474 0.45236
0.90022 0.45340
0.90514 0.45445
0.90949 0.45550
0.91327 0.45655
0.91648 0.45761
0.91910 0.45867
0.92115 0.45973
0.92261 0.46078
0.92348 0.46184
0.92376 0.46289
0.92345 0.46393
0.92256 0.46497
0.92108 0.46600
0.91901 0.46702
0.91636 0.46803
0.91313 0.46903
0.90933 0.47001
0.90496 0.47098
0.90002 0.47194
0.89452 0.47288
0.88847 0.47380
0.88188 0.47470
0.87475 0.47558
0.86710 0.47645
0.85893 0.47729
0.85025 0.47810
0.84108 0.47890
0.83142 0.47967
0.82129 0.48041
0.81071 0.48113
0.79968 0.48182
0.78822 0.48249
0.77634 0.48312
0.76407 0.48373
0.75141 0.48430
0.73837 0.48485
0.72499 0.48536
0.71127 0.48584
0.69723 0.48629
0.68290 0.48671
0.66828 0.48710
0.65340 0.48745
0.63827 0.48777
0.62292 0.48805
0.60736 0.48831
0.59162 0.48852
0.57571 0.48870
0.55966 0.48885
0.54348 0.48897
0.52720 0.48905
0.51084 0.48909
0.49441 0.48910
0.47794 0.48908
0.46146 0.48902
0.44498 0.48893
0.42851 0.48881
0.41208 0.48865
0.39572 0.48846
0.37944 0.48824
0.36327 0.48798
0.34722 0.48770
0.33132 0.48738
0.31559 0.48703
0.30004 0.48665
0.28470 0.48624
0.26958 0.48581
0.25471 0.48534
0.24010 0.48485
0.22578 0.48433
0.21175 0.48378
0.19805 0.48321
0.18468 0.48262
0.17166 0.48200
0.15901 0.48136
0.14675 0.48070
0.13490 0.48001
0.12345 0.47931
0.11244 0.47859
0.10188 0.47785
0.09177 0.47709
0.08213 0.47632
0.07298 0.47553
0.06433 0.47473
0.05618 0.47391
0.04854 0.47309
0.04144 0.47225
0.03487 0.47141
0.02884 0.47055
0.02337 0.46969
0.01845 0.46882
0.01410 0.46795
0.01032 0.46707
0.00712 0.46619
0.00449 0.46531
0.00245 0.46443
0.00099 0.46355
0.00013 0.46267
-0.00016 0.46179
0.00015 0.46092
0.00105 0.46005
0.00253 0.45919
0.00460 0.45834
0.00725 0.45749
0.01048 0.45665
0.01429 0.45583
0.01867 0.45501
0.02361 0.45421
0.02911 0.45342
0.03516 0.45264
0.04175 0.45188
0.04888 0.45114
0.05654 0.45041
0.06471 0.44970
0.07339 0.44901
0.08257 0.44833
0.09223 0.44768
0.10235 0.44705
0.11294 0.44644
0.12397 0.44585
0.13544 0.44529
0.14731 0.44475
0.15959 0.44423
0.17226 0.44374
0.18529 0.44327
0.19868 0.44283
0.21240 0.44242
0.22644 0.44203
0.24077 0.44167
0.25539 0.44134
0.27028 0.44103
0.28541 0.44075
0.30076 0.44050
0.31632 0.44028
0.33206 0.44009
0.34797 0.43993
0.36402 0.43979
0.38020 0.43969
0.39649 0.43961
0.41285 0.43957
0.42928 0.43955
0.44575 0.43956
0.46223 0.43960
0.47871 0.43967
0.49518 0.43976
0.51161 0.43989
0.52797 0.44004
0.54425 0.44022
0.56042 0.44043
0.57647 0.44067
0.59237 0.44093
0.60811 0.44121
0.62365 0.44153
0.63900 0.44187
0.65411 0.44223
0.66899 0.44262
0.68359 0.44303
0.69792 0.44346
0.71194 0.44392
0.72565 0.44440
0.73902 0.44490
0.75203 0.44542
0.76468 0.44596
0.77694 0.44651
0.78880 0.44709
0.80024 0.44768
0.81125 0.44829
0.82181 0.44892
0.83192 0.44956
0.84155 0.45021
0.85070 0.45088
0.85936 0.45156
0.86751 0.45225
0.87514 0.45295
0.88224 0.45366
0.88881 0.45438
0.89483 0.45511
0.90031 0.45584
0.90522 0.45658
0.90957 0.45733
0.91335 0.45807
0.91655 0.45883
0.91917 0.45958
0.92121 0.46033
0.92267 0.46108
0.92353 0.46184
0.92381 0.46259
0.92350 0.46333
0.92260 0.46408
0.92112 0.46481
0.91905 0.46555
0.91639 0.46627
0.91316 0.46699
0.90935 0.46770
0.90497 0.46840
0.90003 0.46909
0.89453 0.46977
0.88847 0.47044
0.88188 0.47110
0.87474 0.47174
0.86708 0.47236
0.85891 0.47298
0.85023 0.47357
0.84105 0.47415
0.83139 0.47472
0.82126 0.47526
0.81067 0.47579
0.79964 0.47630
0.78817 0.47679
0.77629 0.47726
0.76401 0.47770
0.75134 0.47813
0.73831 0.47854
0.72492 0.47892
0.71120 0.47928
0.69716 0.47962
0.68282 0.47993
0.66819 0.48022
0.65331 0.48049
0.63818 0.48073
0.62283 0.48095
0.60727 0.48115
0.59152 0.48132
0.57561 0.48146
0.55956 0.48158
0.54338 0.48167
0.52709 0.48174
0.51072 0.48179
0.49429 0.48181
0.47782 0.48180
0.46134 0.48177
0.44486 0.48171
0.42839 0.48163
0.41196 0.48153
0.39560 0.48140
0.37932 0.48125
0.36315 0.48107
0.34710 0.48087
0.33120 0.48064
0.31546 0.48040
0.29991 0.48013
0.28457 0.47984
0.26945 0.47952
0.25458 0.47919
0.23997 0.47883
0.22565 0.47846
0.21163 0.47806
0.19792 0.47765
0.18455 0.47722
0.17154 0.47677
0.15889 0.47630
0.14663 0.47582
0.13478 0.47532
0.12334 0.47480
0.11233 0.47427
0.10176 0.47373
0.09166 0.47317
0.08202 0.47260
0.07288 0.47202
0.06422 0.47143
0.05607 0.47083
0.04845 0.47021
0.04134 0.46959
0.03478 0.46897
0.02875 0.46833
0.02328 0.46769
0.01837 0.46705
0.01402 0.46640
0.01025 0.46574
0.00705 0.46509
0.00442 0.46443
0.00239 0.46377
0.00093 0.46311
0.00007 0.46245
-0.00021 0.46179
0.00010 0.46114
0.00100 0.46049
0.00249 0.45984
0.00457 0.45920
0.00722 0.45856
0.01046 0.45793
0.01427 0.45730
0.01865 0.45669
0.02359 0.45608
0.02910 0.45548
0.03515 0.45489
0.04175 0.45432
0.04889 0.45375
0.05655 0.45320
0.06473 0.45266
0.07341 0.45213
0.08259 0.45162
0.09225 0.45112
0.10239 0.45064
0.11298 0.45017
0.12401 0.44972
0.13548 0.44929
0.14736 0.44888
0.15965 0.44848
0.17231 0.44810
0.18535 0.44774
0.19874 0.44740
0.21247 0.44708
0.22651 0.44678
0.24085 0.44650
0.25548 0.44624
0.27036 0.44600
0.28549 0.44578
0.30085 0.44558
0.31641 0.44541
0.33216 0.44526
0.34807 0.44512
0.36413 0.44502
0.38031 0.44493
0.39659 0.44486
0.41296 0.44482
0.42939 0.44480
0.44586 0.44480
0.46234 0.44482
0.47882 0.44487
0.49530 0.44494
0.51172 0.44503
0.52809 0.44514
0.54437 0.44527
0.56054 0.44542
0.57659 0.44559
0.59249 0.44579
0.60823 0.44600
0.62378 0.44624
0.63912 0.44649
0.65424 0.44677
0.66911 0.44706
0.68372 0.44737
0.69804 0.44770
0.71206 0.44804
0.72577 0.44841
0.73914 0.44879
0.75215 0.44918
0.76479 0.44959
0.77705 0.45002
0.78891 0.45046
0.80035 0.45091
0.81136 0.45138
0.82192 0.45186
0.83203 0.45235
0.84166 0.45285
0.85081 0.45336
0.85946 0.45389
0.86760 0.45442
0.87523 0.45496
0.88233 0.45551
0.88890 0.45606
0.89492 0.45662
0.90039 0.45719
0.90530 0.45776
0.90965 0.45834
0.91342 0.45892
0.91662 0.45950
0.91924 0.46008
0.92127 0.46067
0.92273 0.46125
0.92359 0.46184
0.92386 0.46242
0.92355 0.46300
0.92265 0.46358
0.92116 0.46415
0.91908 0.46473
0.91642 0.46529
0.91319 0.46585
0.90937 0.46641
0.90499 0.46696
0.90004 0.46750
0.89454 0.46803
0.88848 0.46855
0.88188 0.46907
0.87474 0.46957
0.86708 0.47007
0.85890 0.47055
0.85021 0.47102
0.84103 0.47147
0.83136 0.47192
0.82123 0.47235
0.81064 0.47277
0.79960 0.47317
0.78813 0.47355
0.77624 0.47393
0.76396 0.47428
0.75129 0.47462
0.73825 0.47494
0.72486 0.47525
0.71113 0.47554
0.69709 0.47581
0.68274 0.47606
0.66812 0.47629
0.65323 0.47651
0.63810 0.47670
0.62274 0.47688
0.60718 0.47704
0.59143 0.47717
0.57551 0.47729
0.55946 0.47739
0.54328 0.47747
0.52699 0.47753
0.51062 0.47757
0.49418 0.47759
0.47771 0.47759
0.46122 0.47757
0.44473 0.47753
0.42826 0.47747
0.41183 0.47739
0.39547 0.47730
0.37919 0.47718
0.36301 0.47704
0.34697 0.47689
0.33106 0.47672
0.31533 0.47653
0.29978 0.47632
0.28444 0.47609
0.26932 0.47585
0.25445 0.47559
0.23984 0.47531
0.22552 0.47502
0.21149 0.47471
0.19779 0.47438
0.18442 0.47404
0.17141 0.47369
0.15877 0.47332
0.14651 0.47294
0.13465 0.47254
0.12321 0.47214
0.11221 0.47172
0.10164 0.47129
0.09154 0.47085
0.08191 0.47040
0.07276 0.46994
0.06411 0.46947
0.05597 0.46899
0.04834 0.46851
0.04124 0.46801
0.03468 0.46752
0.02866 0.46701
0.02319 0.46650
0.01828 0.46599
0.01394 0.46547
0.01017 0.46495
0.00697 0.46443
0.00436 0.46390
0.00232 0.46337
0.00087 0.46285
0.00001 0.46232
-0.00026 0.46179
0.00006 0.46127
0.00096 0.46075
0.00245 0.46023
0.00453 0.45971
0.00719 0.45920
0.01043 0.45870
0.01425 0.45820
0.01863 0.45770
0.02358 0.45721
0.02909 0.45673
0.03515 0.45626
0.04176 0.45579
0.04890 0.45534
0.05656 0.45489
0.06475 0.45446
0.07344 0.45403
0.08262 0.45362
0.09229 0.45321
0.10242 0.45282
0.11302 0.45245
0.12406 0.45208
0.13553 0.45173
0.14742 0.45139
0.15970 0.45107
0.17238 0.45076
0.18542 0.45047
0.19881 0.45019
0.21254 0.44993
0.22659 0.44969
0.24093 0.44946
0.25556 0.44924
0.27045 0.44905
0.28559 0.44887
0.30095 0.44871
0.31651 0.44856
0.33226 0.44843
0.34817 0.44833
0.36424 0.44823
0.38042 0.44816
0.39671 0.44810
0.41308 0.44807
0.42951 0.44805
0.44598 0.44804
0.46248 0.44806
0.47897 0.44809
0.49544 0.44814
0.51187 0.44821
0.52824 0.44830
0.54452 0.44840
0.56069 0.44852
0.57674 0.44866
0.59265 0.44882
0.60838 0.44899
0.62393 0.44917
0.63927 0.44938
0.65439 0.44960
0.66926 0.44983
0.68387 0.45008
0.69819 0.45034
0.71221 0.45062
0.72591 0.45092
0.73928 0.45122
0.75229 0.45154
0.76494 0.45187
0.77719 0.45222
0.78905 0.45257
0.80049 0.45294
0.81149 0.45332
0.82205 0.45371
0.83215 0.45411
0.84178 0.45451
0.85093 0.45493
0.85958 0.45535
0.86772 0.45579
0.87534 0.45623
0.88244 0.45667
0.88900 0.45712
0.89502 0.45758
0.90048 0.45804
0.90539 0.45851
0.90973 0.45898
0.91350 0.45945
0.91670 0.45992
0.91931 0.46040
0.92134 0.46088
0.92279 0.46136
0.92365 0.46184
0.92392 0.46231
0.92360 0.46279
0.92269 0.46326
0.92119 0.46373
0.91911 0.46420
0.91645 0.46467
0.91321 0.46513
0.90939 0.46558
0.90500 0.46603
0.90005 0.46648
0.89454 0.46692
0.88847 0.46735
0.88186 0.46777
0.87472 0.46818
0.86705 0.46859
0.85887 0.46899
0.85018 0.46938
0.84099 0.46975
0.83132 0.47012
0.82118 0.47047
0.81058 0.47082
0.79954 0.47115
0.78807 0.47147
0.77618 0.47178
0.76389 0.47207
0.75121 0.47235
0.73817 0.47262
0.72477 0.47288
0.71104 0.47311
0.69699 0.47334
0.68264 0.47355
0.66801 0.47374
0.65312 0.47392
0.63798 0.47409
0.62262 0.47423
0.60706 0.47437
0.59131 0.47448
0.57539 0.47458
0.55933 0.47467
0.54315 0.47474
0.52685 0.47479
0.51048 0.47482
0.49404 0.47484
0.47757 0.47485
0.46107 0.47483
0.44458 0.47480
0.42811 0.47476
0.41168 0.47469
0.39531 0.47462
0.37903 0.47452
0.36285 0.47441
0.34681 0.47429
0.33090 0.47415
0.31517 0.47399
0.29962 0.47382
0.28428 0.47363
0.26916 0.47343
0.25429 0.47322
0.23968 0.47299
0.22536 0.47275
0.21134 0.47250
0.19764 0.47223
0.18427 0.47195
0.17126 0.47166
0.15862 0.47136
0.14636 0.47104
0.13451 0.47072
0.12307 0.47038
0.11207 0.47003
0.10151 0.46968
0.09141 0.46931
0.08178 0.46894
0.07264 0.46856
0.06399 0.46817
0.05585 0.46778
0.04823 0.46737
0.04113 0.46697
0.03457 0.46655
0.02856 0.46613
0.02310 0.46571
0.01819 0.46528
0.01385 0.46485
0.01009 0.46442
0.00689 0.46398
0.00428 0.46355
0.00225 0.46311
0.00081 0.46267
-0.00004 0.46223
-0.00031 0.46179
0.00001 0.46136
0.00092 0.46092
0.00242 0.46049
0.00450 0.46006
0.00717 0.45963
0.01041 0.45921
0.01424 0.45879
0.01863 0.45838
0.02358 0.45797
0.02910 0.45757
0.03516 0.45717
0.04177 0.45678
0.04892 0.45640
0.05659 0.45603
0.06478 0.45566
0.07347 0.45530
0.08266 0.45496
0.09233 0.45462
0.10248 0.45429
0.11308 0.45397
0.12412 0.45367
0.13560 0.45337
0.14749 0.45309
0.15979 0.45282
0.17246 0.45256
0.18551 0.45231
0.19891 0.45208
0.21264 0.45186
0.22669 0.45165
0.24104 0.45146
0.25567 0.45128
0.27057 0.45111
0.28571 0.45096
0.30107 0.45082
0.31664 0.45070
0.33239 0.45059
0.34831 0.45050
0.36437 0.45042
0.38056 0.45035
0.39685 0.45030
0.41322 0.45027
0.42966 0.45025
0.44613 0.45025
0.46263 0.45026
0.47913 0.45029
0.49560 0.45033
0.51203 0.45038
0.52840 0.45045
0.54468 0.45054
0.56086 0.45064
0.57691 0.45075
0.59281 0.45088
0.60855 0.45102
0.62410 0.45118
0.63944 0.45135
0.65455 0.45153
0.66942 0.45173
0.68403 0.45193
0.69835 0.45216
0.71237 0.45239
0.72607 0.45263
0.73944 0.45289
0.75245 0.45316
0.76509 0.45344
0.77734 0.45373
0.78920 0.45402
0.80063 0.45433
0.81163 0.45465
0.82219 0.45498
0.83229 0.45531
0.84191 0.45566
0.85106 0.45601
0.85970 0.45636
0.86784 0.45673
0.87546 0.45710
0.88255 0.45747
0.88911 0.45786
0.89512 0.45824
0.90058 0.45863
0.90549 0.45902
0.90982 0.45942
0.91359 0.45982
0.91677 0.46022
0.91938 0.46062
0.92141 0.46103
0.92285 0.46143
0.92370 0.46184
0.92397 0.46224
0.92364 0.46264
0.92273 0.46304
0.92123 0.46344
0.91914 0.46384
0.91647 0.46423
0.91322 0.46463
0.90940 0.46501
0.90501 0.46539
0.90005 0.46577
0.89453 0.46614
0.88846 0.46651
0.88185 0.46687
0.87470 0.46722
0.86702 0.46756
0.85883 0.46790
0.85013 0.46823
0.84094 0.46855
0.83127 0.46887
0.82112 0.46917
0.81052 0.46946
0.79947 0.46974
0.78799 0.47002
0.77610 0.47028
0.76380 0.47053
0.75112 0.47077
0.73807 0.47100
0.72467 0.47122
0.71094 0.47142
0.69688 0.47161
0.68253 0.47179
0.66790 0.47196
0.65300 0.47211
0.63786 0.47225
0.62249 0.47238
0.60692 0.47250
0.59117 0.47260
0.57525 0.47268
0.55919 0.47276
0.54300 0.47282
0.52670 0.47286
0.51033 0.47289
0.49389 0.47291
0.47742 0.47291
0.46091 0.47290
0.44441 0.47288
0.42794 0.47284
0.41151 0.47279
0.39514 0.47273
0.37886 0.47265
0.36269 0.47256
0.34664 0.47245
0.33073 0.47233
0.31500 0.47220
0.29945 0.47206
0.28411 0.47190
0.26899 0.47173
0.25412 0.47155
0.23952 0.47136
0.22520 0.47115
0.21118 0.47094
0.19747 0.47071
0.18411 0.47047
0.17110 0.47022
0.15846 0.46996
0.14621 0.46970
0.13436 0.46942
0.12292 0.46913
0.11192 0.46884
0.10137 0.46854
0.09127 0.46823
0.08165 0.46791
0.07251 0.46758
0.06387 0.46725
0.05573 0.46691
0.04811 0.46657
0.04102 0.46622
0.03446 0.46587
0.02845 0.46551
0.02300 0.46515
0.01810 0.46478
0.01376 0.46441
0.01000 0.46404
0.00682 0.46367
0.00421 0.46330
0.00219 0.46292
0.00075 0.46254
-0.00010 0.46217
-0.00036 0.46179
-0.00004 0.46142
0.00088 0.46105
0.00238 0.46067
0.00447 0.46030
0.00715 0.45994
0.01040 0.45958
0.01423 0.45922
0.01862 0.45886
0.02359 0.45851
0.02911 0.45816
0.03518 0.45782
0.04179 0.45749
0.04895 0.45716
0.05662 0.45684
0.06482 0.45653
0.07352 0.45622
0.08271 0.45592
0.09239 0.45563
0.10254 0.45535
0.11315 0.45507
0.12420 0.45481
0.13568 0.45455
0.14758 0.45431
0.15987 0.45408
0.17256 0.45385
0.18561 0.45364
0.19901 0.45344
0.21275 0.45325
0.22680 0.45307
0.24116 0.45290
0.25580 0.45274
0.27069 0.45260
0.28584 0.45247
0.30120 0.45235
0.31678 0.45224
0.33253 0.45214
0.34845 0.45206
0.36452 0.45199
0.38071 0.45194
0.39700 0.45190
0.41338 0.45186
0.42981 0.45185
0.44629 0.45184
0.46280 0.45185
0.47930 0.45187
0.49577 0.45191
0.51220 0.45195
0.52857 0.45201
0.54485 0.45209
0.56103 0.45217
0.57708 0.45227
0.59298 0.45238
0.60872 0.45250
0.62427 0.45263
0.63961 0.45278
0.65472 0.45294
0.66959 0.45310
0.68420 0.45328
0.69852 0.45347
0.71254 0.45367
0.72624 0.45388
0.73960 0.45411
0.75261 0.45434
0.76525 0.45458
0.77750 0.45482
0.78935 0.45508
0.80078 0.45535
0.81178 0.45562
0.82233 0.45590
0.83243 0.45619
0.84205 0.45649
0.85119 0.45679
0.85983 0.45710
0.86796 0.45742
0.87558 0.45774
0.88267 0.45806
0.88922 0.45839
0.89523 0.45872
0.90068 0.45906
0.90558 0.45940
0.90991 0.45974
0.91367 0.46009
0.91685 0.46044
0.91946 0.46079
0.92148 0.46114
0.92291 0.46149
0.92376 0.46184
0.92402 0.46219
0.92369 0.46254
0.92277 0.46288
0.92126 0.46323
0.91917 0.46358
0.91649 0.46392
0.91324 0.46426
0.90941 0.46459
0.90501 0.46492
0.90004 0.46525
0.89452 0.46557
0.88844 0.46589
0.88182 0.46620
0.87467 0.46651
0.86699 0.46681
0.85879 0.46710
0.85009 0.46739
0.84089 0.46767
0.83121 0.46794
0.82106 0.46820
0.81045 0.46846
0.79939 0.46871
0.78791 0.46894
0.77601 0.46917
0.76371 0.46939
0.75102 0.46960
0.73797 0.46980
0.72457 0.46999
0.71083 0.47017
0.69677 0.47034
0.68241 0.47049
0.66777 0.47064
0.65287 0.47078
0.63772 0.47090
0.62236 0.47101
0.60678 0.47111
0.59102 0.47120
0.57510 0.47128
0.55904 0.47134
0.54285 0.47139
0.52655 0.47143
0.51017 0.47146
0.49373 0.47148
0.47725 0.47148
0.46075 0.47147
0.44425 0.47145
0.42777 0.47142
0.41134 0.47138
0.39497 0.47132
0.37869 0.47126
0.36251 0.47118
0.34646 0.47108
0.33056 0.47098
0.31482 0.47087
0.29927 0.47074
0.28393 0.47061
0.26882 0.47046
0.25395 0.47030
0.23935 0.47014
0.22503 0.46996
0.21101 0.46977
0.19731 0.46957
0.18395 0.46937
0.17094 0.46915
0.15830 0.46893
0.14605 0.46869
0.13420 0.46845
0.12277 0.46820
0.11178 0.46795
0.10122 0.46768
0.09113 0.46741
0.08151 0.46713
0.07238 0.46685
0.06374 0.46656
0.05560 0.46627
0.04799 0.46597
0.04090 0.46566
0.03435 0.46535
0.02835 0.46504
0.02289 0.46472
0.01800 0.46441
0.01367 0.46408
0.00992 0.46376
0.00674 0.46343
0.00413 0.46311
0.00212 0.46278
0.00068 0.46245
-0.00016 0.46212
-0.00041 0.46179
-0.00008 0.46146
0.00084 0.46114
0.00235 0.46081
0.00445 0.46049
0.00713 0.46017
0.01038 0.45985
0.01422 0.45954
0.01862 0.45922
0.02359 0.45892
0.02912 0.45861
0.03519 0.45832
0.04182 0.45802
0.04897 0.45773
0.05666 0.45745
0.06486 0.45718
0.07356 0.45691
0.08277 0.45664
0.09245 0.45639
0.10260 0.45614
0.11322 0.45590
0.12427 0.45567
0.13576 0.45545
0.14766 0.45523
0.15997 0.45502
0.17265 0.45483
0.18571 0.45464
0.19912 0.45446
0.21286 0.45429
0.22692 0.45413
0.24128 0.45399
0.25592 0.45385
0.27083 0.45372
0.28597 0.45361
0.30134 0.45350
0.31692 0.45341
0.33268 0.45332
0.34860 0.45325
0.36467 0.45319
0.38086 0.45314
0.39716 0.45310
0.41354 0.45307
0.42998 0.45306
0.44646 0.45305
0.46296 0.45306
0.47947 0.45308
0.49594 0.45311
0.51238 0.45315
0.52874 0.45320
0.54503 0.45326
0.56121 0.45334
0.57725 0.45342
0.59316 0.45352
0.60890 0.45362
0.62444 0.45374
0.63979 0.45387
0.65490 0.45400
0.66977 0.45415
0.68437 0.45431
0.69869 0.45448
0.71271 0.45465
0.72640 0.45484
0.73977 0.45503
0.75277 0.45523
0.76541 0.45544
0.77766 0.45566
0.78950 0.45589
0.80093 0.45612
0.81193 0.45636
0.82248 0.45661
0.83257 0.45687
0.84219 0.45713
0.85132 0.45739
0.85996 0.45766
0.86809 0.45794
0.87570 0.45822
0.88279 0.45851
0.88933 0.45880
0.89534 0.45909
0.90079 0.45939
0.90568 0.45969
0.91000 0.45999
0.91376 0.46030
0.91694 0.46060
0.91953 0.46091
0.92155 0.46122
0.92298 0.46153
0.92382 0.46184
0.92407 0.46215
0.92373 0.46245
0.92281 0.46276
0.92130 0.46307
0.91920 0.46337
0.91651 0.46367
0.91325 0.46397
0.90942 0.46427
0.90501 0.46456
0.90004 0.46485
0.89451 0.46514
0.88843 0.46542
0.88180 0.46569
0.87464 0.46597
0.86695 0.46623
0.85875 0.46649
0.85004 0.46674
0.84084 0.46699
0.83115 0.46723
0.82099 0.46747
0.81038 0.46769
0.79932 0.46791
0.78783 0.46812
0.77592 0.46832
0.76362 0.46852
0.75093 0.46870
0.73787 0.46888
0.72446 0.46905
0.71071 0.46921
0.69665 0.46936
0.68229 0.46950
0.66764 0.46963
0.65274 0.46975
0.63759 0.46986
0.62222 0.46995
0.60664 0.47004
0.59088 0.47012
0.57495 0.47019
0.55888 0.47025
0.54269 0.47030
0.52639 0.47033
0.51001 0.47036
0.49357 0.47037
0.47709 0.47038
0.46058 0.47037
0.44407 0.47035
0.42760 0.47033
0.41116 0.47029
0.39480 0.47024
0.37851 0.47018
0.36234 0.47011
0.34629 0.47003
0.33038 0.46994
0.31465 0.46984
0.29910 0.46973
0.28376 0.46961
0.26864 0.46948
0.25378 0.46934
0.23917 0.46919
0.22485 0.46904
0.21084 0.46887
0.19714 0.46870
0.18378 0.46851
0.17077 0.46832
0.15814 0.46812
0.14589 0.46792
0.13405 0.46770
0.12262 0.46748
0.11163 0.46725
0.10108 0.46702
0.09099 0.46678
0.08137 0.46653
0.07224 0.46628
0.06361 0.46603
0.05548 0.46576
0.04787 0.46550
0.04079 0.46523
0.03424 0.46495
0.02824 0.46468
0.02279 0.46440
0.01790 0.46411
0.01358 0.46383
0.00983 0.46354
0.00665 0.46325
0.00406 0.46296
0.00205 0.46267
0.00062 0.46238
-0.00022 0.46208
-0.00047 0.46179
-0.00013 0.46150
0.00080 0.46121
0.00232 0.46092
0.00442 0.46063
0.00710 0.46035
0.01037 0.46007
0.01421 0.45979
0.01862 0.45951
0.02359 0.45923
0.02913 0.45896
0.03521 0.45870
0.04184 0.45844
0.04900 0.45818
0.05669 0.45793
0.06490 0.45768
0.07361 0.45744
0.08282 0.45721
0.09251 0.45698
0.10267 0.45676
0.11329 0.45655
0.12435 0.45634
0.13584 0.45614
0.14775 0.45595
0.16006 0.45576
0.17275 0.45559
0.18581 0.45542
0.19923 0.45526
0.21298 0.45511
0.22704 0.45497
0.24140 0.45484
0.25605 0.45472
0.27096 0.45460
0.28611 0.45450
0.30148 0.45440
0.31706 0.45432
0.33283 0.45424
0.34875 0.45418
0.36482 0.45412
0.38102 0.45408
0.39732 0.45404
0.41370 0.45402
0.43014 0.45400
0.44662 0.45400
0.46313 0.45400
0.47964 0.45402
0.49611 0.45405
0.51255 0.45408
0.52892 0.45413
0.54521 0.45418
0.56138 0.45425
0.57743 0.45432
0.59334 0.45441
0.60907 0.45450
0.62462 0.45461
0.63996 0.45472
0.65507 0.45484
0.66994 0.45497
0.68454 0.45511
0.69886 0.45526
0.71288 0.45542
0.72657 0.45558
0.73993 0.45576
0.75294 0.45594
0.76557 0.45612
0.77782 0.45632
0.78966 0.45652
0.80109 0.45673
0.81208 0.45695
0.82263 0.45717
0.83271 0.45739
0.84233 0.45763
0.85146 0.45786
0.86009 0.45811
0.86822 0.45835
0.87582 0.45861
0.88290 0.45886
0.88945 0.45912
0.89544 0.45938
0.90089 0.45965
0.90577 0.45992
0.91009 0.46019
0.91384 0.46046
0.91702 0.46073
0.91961 0.46101
0.92162 0.46128
0.92304 0.46156
0.92388 0.46184
0.92412 0.46211
0.92378 0.46239
0.92285 0.46267
0.92133 0.46294
0.91922 0.46321
0.91654 0.46348
0.91327 0.46375
0.90943 0.46402
0.90501 0.46428
0.90003 0.46454
0.89450 0.46479
0.88841 0.46504
0.88178 0.46529
0.87461 0.46553
0.86692 0.46577
0.85871 0.46601
0.84999 0.46623
0.84078 0.46645
0.83109 0.46667
0.82093 0.46688
0.81031 0.46708
0.79924 0.46728
0.78775 0.46747
0.77583 0.46765
0.76352 0.46782
0.75083 0.46799
0.73776 0.46815
0.72435 0.46830
0.71060 0.46844
0.69653 0.46858
0.68216 0.46870
0.66752 0.46882
0.65261 0.46893
0.63745 0.46903
0.62208 0.46912
0.60649 0.46920
0.59073 0.46927
0.57480 0.46933
0.55873 0.46938
0.54253 0.46942
0.52623 0.46946
0.50985 0.46948
0.49340 0.46950
0.47692 0.46950
0.46041 0.46949
0.44390 0.46948
0.42743 0.46946
0.41099 0.46942
0.39462 0.46938
0.37834 0.46932
0.36216 0.46926
0.34611 0.46919
0.33021 0.46911
0.31447 0.46902
0.29892 0.46892
0.28358 0.46882
0.26847 0.46870
0.25360 0.46857
0.23900 0.46844
0.22468 0.46830
0.21067 0.46815
0.19697 0.46800
0.18361 0.46783
0.17061 0.46766
0.15798 0.46748
0.14573 0.46730
0.13389 0.46711
0.12247 0.46691
0.11148 0.46670
0.10093 0.46649
0.09085 0.46628
0.08123 0.46606
0.07211 0.46583
0.06347 0.46560
0.05535 0.46536
0.04775 0.46513
0.04067 0.46488
0.03413 0.46464
0.02813 0.46439
0.02269 0.46413
0.01781 0.46388
0.01349 0.46362
0.00974 0.46336
0.00657 0.46310
0.00398 0.46284
0.00198 0.46258
0.00056 0.46232
-0.00027 0.46205
-0.00052 0.46179
-0.00017 0.46153
0.00076 0.46127
0.00229 0.46101
0.00439 0.46075
0.00708 0.46049
0.01035 0.46024
0.01420 0.45998
0.01862 0.45973
0.02360 0.45949
0.02914 0.45925
0.03523 0.45901
0.04186 0.45877
0.04903 0.45854
0.05673 0.45831
0.06494 0.45809
0.07366 0.45787
0.08287 0.45766
0.09257 0.45746
0.10274 0.45726
0.11336 0.45707
0.12443 0.45688
0.13593 0.45670
0.14784 0.45653
0.16015 0.45636
0.17285 0.45620
0.18592 0.45605
0.19934 0.45591
0.21309 0.45577
0.22716 0.45564
0.24153 0.45552
0.25618 0.45541
0.27109 0.45531
0.28624 0.45521
0.30162 0.45513
0.31721 0.45505
0.33297 0.45498
0.34891 0.45492
0.36498 0.45487
0.38118 0.45483
0.39748 0.45480
0.41386 0.45478
0.43031 0.45477
0.44679 0.45476
0.46330 0.45477
0.47981 0.45478
0.49629 0.45480
0.51272 0.45483
0.52909 0.45488
0.54538 0.45493
0.56156 0.45498
0.57761 0.45505
0.59351 0.45513
0.60925 0.45521
0.62480 0.45531
0.64014 0.45541
0.65525 0.45552
0.67012 0.45564
0.68472 0.45576
0.69903 0.45590
0.71305 0.45604
0.72674 0.45619
0.74010 0.45634
0.75310 0.45651
0.76573 0.45667
0.77797 0.45685
0.78982 0.45703
0.80124 0.45722
0.81223 0.45742
0.82277 0.45762
0.83286 0.45782
0.84247 0.45803
0.85159 0.45825
0.86022 0.45846
0.86834 0.45869
0.87594 0.45892
0.88302 0.45915
0.88956 0.45938
0.89555 0.45962
0.90099 0.45986
0.90587 0.46010
0.91019 0.46035
0.91393 0.46059
0.91710 0.46084
0.91968 0.46109
0.92169 0.46134
0.92310 0.46159
0.92393 0.46184
0.92417 0.46209
0.92382 0.46234
0.92289 0.46259
0.92136 0.46283
0.91925 0.46308
0.91656 0.46333
0.91328 0.46357
0.90943 0.46381
0.90501 0.46405
0.90003 0.46428
0.89449 0.46451
0.88839 0.46474
0.88175 0.46497
0.87458 0.46519
0.86688 0.46540
0.85867 0.46561
0.84995 0.46582
0.84073 0.46602
0.83103 0.46622
0.82086 0.46641
0.81023 0.46659
0.79916 0.46677
0.78766 0.46694
0.77574 0.46710
0.76343 0.46726
0.75073 0.46741
0.73766 0.46756
0.72424 0.46769
0.71048 0.46782
0.69641 0.46795
0.68204 0.46806
0.66739 0.46817
0.65247 0.46826
0.63732 0.46835
0.62194 0.46844
0.60635 0.46851
0.59058 0.46857
0.57465 0.46863
0.55857 0.46868
0.54237 0.46872
0.52607 0.46875
0.50969 0.46877
0.49324 0.46878
0.47675 0.46879
0.46024 0.46878
0.44373 0.46877
0.42725 0.46875
0.41082 0.46872
0.39445 0.46868
0.37816 0.46863
0.36198 0.46857
0.34593 0.46851
0.33003 0.46843
0.31429 0.46835
0.29875 0.46826
0.28341 0.46817
0.26829 0.46806
0.25343 0.46795
0.23883 0.46783
0.22451 0.46770
0.21050 0.46757
0.19680 0.46743
0.18345 0.46728
0.17045 0.46712
0.15782 0.46696
0.14558 0.46679
0.13374 0.46662
0.12232 0.46644
0.11133 0.46625
0.10079 0.46606
0.09070 0.46587
0.08110 0.46567
0.07197 0.46546
0.06335 0.46525
0.05523 0.46504
0.04763 0.46482
0.04055 0.46460
0.03402 0.46438
0.02803 0.46415
0.02259 0.46392
0.01771 0.46369
0.01340 0.46346
0.00966 0.46322
0.00649 0.46298
0.00391 0.46275
0.00191 0.46251
0.00050 0.46227
-0.00033 0.46203
-0.00057 0.46179
-0.00022 0.46155
0.00072 0.46131
0.00225 0.46108
0.00437 0.46084
0.00706 0.46061
0.01034 0.46038
0.01419 0.46015
0.01862 0.45992
0.02360 0.45970
0.02915 0.45947
0.03525 0.45926
0.04189 0.45904
0.04906 0.45883
0.05677 0.45863
0.06499 0.45842
0.07371 0.45823
0.08293 0.45804
0.09263 0.45785
0.10280 0.45767
0.11343 0.45749
0.12451 0.45732
0.13601 0.45716
0.14793 0.45700
0.16025 0.45685
0.17295 0.45670
0.18602 0.45656
0.19945 0.45643
0.21320 0.45631
0.22728 0.45619
0.24165 0.45608
0.25631 0.45598
0.27122 0.45589
0.28638 0.45580
0.30176 0.45572
0.31735 0.45565
0.33312 0.45559
0.34906 0.45554
0.36513 0.45549
0.38133 0.45545
0.39764 0.45543
0.41403 0.45540
0.43047 0.45539
0.44696 0.45539
0.46347 0.45539
0.47998 0.45540
0.49646 0.45542
0.51290 0.45545
0.52927 0.45549
0.54555 0.45554
0.56173 0.45559
0.57778 0.45565
0.59369 0.45572
0.60942 0.45580
0.62497 0.45588
0.64031 0.45598
0.65542 0.45608
0.67029 0.45618
0.68489 0.45630
0.69920 0.45642
0.71322 0.45655
0.72691 0.45668
0.74026 0.45683
0.75326 0.45697
0.76589 0.45713
