QEq 0.07026
0.07027 0.07027
0.07029 0.07028
0.07032 0.07029
0.07037 0.07031
0.07042 0.07033
0.07049 0.07036
0.07058 0.07039
0.07067 0.07043
0.07078 0.07047
0.07090 0.07051
0.07103 0.07056
0.07118 0.07061
0.07134 0.07067
0.07151 0.07073
0.07169 0.07079
0.07188 0.07086
0.07209 0.07093
0.07231 0.07101
0.07253 0.07109
0.07277 0.07117
0.07302 0.07126
0.07329 0.07135
0.07356 0.07145
0.07384 0.07155
0.07413 0.07165
0.07444 0.07176
0.07475 0.07187
0.07507 0.07198
0.07540 0.07210
0.07575 0.07222
0.07609 0.07235
0.07645 0.07248
0.07682 0.07261
0.07719 0.07274
0.07758 0.07288
0.07797 0.07302
0.07837 0.07317
0.07877 0.07331
0.07918 0.07346
0.07960 0.07362
0.08002 0.07377
0.08045 0.07393
0.08090 0.07409
0.08132 0.07426
0.08179 0.07443
0.08221 0.07460
0.08269 0.07477
0.08316 0.07494
0.08358 0.07512
0.08406 0.07530
0.08454 0.07548
0.08501 0.07566
0.08549 0.07585
0.08597 0.07604
0.08645 0.07622
0.08693 0.07642
0.08741 0.07661
0.08789 0.07680
0.08838 0.07700
0.08886 0.07720
0.08934 0.07740
0.08983 0.07760
0.09031 0.07780
0.09079 0.07800
0.09127 0.07821
0.09175 0.07841
0.09223 0.07862
0.09270 0.07882
0.09317 0.07903
0.09364 0.07924
0.09411 0.07945
0.09457 0.07966
0.09503 0.07987
0.09548 0.08008
0.09594 0.08029
0.09638 0.08050
0.09682 0.08072
0.09726 0.08093
0.09769 0.08114
0.09812 0.08135
0.09854 0.08157
0.09895 0.08178
0.09936 0.08199
0.09976 0.08220
0.10016 0.08241
0.10054 0.08262
0.10092 0.08283
0.10130 0.08304
0.10167 0.08325
0.10202 0.08346
0.10238 0.08367
0.10272 0.08388
0.10306 0.08408
0.10338 0.08429
0.10370 0.08449
0.10401 0.08469
0.10431 0.08490
0.10460 0.08510
0.10489 0.08530
0.10516 0.08550
0.10543 0.08569
0.10569 0.08589
0.10593 0.08608
0.10617 0.08628
0.10640 0.08647
0.10662 0.08666
0.10682 0.08685
0.10703 0.08703
0.10722 0.08722
0.10740 0.08740
0.10757 0.08759
0.10773 0.08776
0.10788 0.08794
0.10803 0.08812
0.10816 0.08829
0.10829 0.08847
0.10840 0.08864
0.10851 0.08880
0.10860 0.08897
0.10869 0.08914
0.10877 0.08930
0.10883 0.08946
0.10889 0.08962
0.10894 0.08977
0.10899 0.08993
0.10902 0.09008
0.10904 0.09023
0.10906 0.09037
0.10906 0.09052
0.10906 0.09066
0.10905 0.09080
0.10903 0.09094
0.10901 0.09108
0.10897 0.09121
0.10894 0.09134
0.10889 0.09147
0.10883 0.09160
0.10877 0.09172
0.10870 0.09184
0.10863 0.09196
0.10854 0.09208
0.10845 0.09220
0.10836 0.09231
0.10826 0.09242
0.10816 0.09253
0.10804 0.09263
0.10793 0.09274
0.10781 0.09284
0.10768 0.09294
0.10756 0.09304
0.10742 0.09313
0.10724 0.09322
0.10706 0.09332
0.10689 0.09340
0.10671 0.09349
0.10653 0.09357
0.10635 0.09365
0.10622 0.09373
0.10605 0.09381
0.10589 0.09389
0.10572 0.09396
0.10556 0.09403
0.10538 0.09410
0.10521 0.09417
0.10504 0.09424
0.10487 0.09430
0.10470 0.09436
0.10452 0.09442
0.10435 0.09448
0.10418 0.09454
0.10400 0.09459
0.10383 0.09465
0.10366 0.09470
0.10348 0.09475
0.10332 0.09480
0.10314 0.09485
0.10298 0.09489
0.10281 0.09494
0.10265 0.09498
0.10249 0.09502
0.10232 0.09506
0.10217 0.09510
0.10201 0.09514
0.10186 0.09517
0.10171 0.09521
0.10156 0.09524
0.10142 0.09528
0.10127 0.09531
0.10114 0.09534
0.10100 0.09537
0.10087 0.09540
0.10075 0.09543
0.10062 0.09545
0.10051 0.09548
0.10039 0.09550
0.10028 0.09553
0.10017 0.09555
0.10007 0.09558
0.09997 0.09560
0.09988 0.09562
0.09979 0.09564
0.09971 0.09566
0.09963 0.09568
0.09955 0.09570
0.09948 0.09572
0.09942 0.09573
0.09936 0.09575
0.09930 0.09577
0.09925 0.09579
0.09920 0.09580
0.09916 0.09582
0.09912 0.09583
0.09909 0.09585
0.09906 0.09586
0.09904 0.09588
0.09902 0.09589
0.09900 0.09591
0.09899 0.09592
0.09899 0.09594
0.09899 0.09595
0.09899 0.09596
0.09899 0.09598
0.09901 0.09599
0.09902 0.09600
0.09904 0.09602
0.09906 0.09603
0.09909 0.09604
0.09911 0.09606
0.09915 0.09607
0.09918 0.09608
0.09922 0.09610
0.09926 0.09611
0.09930 0.09613
0.09935 0.09614
0.09940 0.09615
0.09945 0.09617
0.09950 0.09618
0.09956 0.09620
0.09961 0.09621
0.09967 0.09622
0.09973 0.09624
0.09979 0.09625
0.09986 0.09627
0.09992 0.09628
0.09998 0.09630
0.10005 0.09631
0.10011 0.09633
0.10018 0.09634
0.10024 0.09636
0.10031 0.09638
0.10037 0.09639
0.10044 0.09641
0.10050 0.09642
0.10056 0.09644
0.10061 0.09646
0.10067 0.09647
0.10073 0.09649
0.10079 0.09651
0.10085 0.09652
0.10091 0.09654
0.10095 0.09656
0.10100 0.09657
0.10104 0.09659
0.10108 0.09661
0.10111 0.09663
0.10115 0.09664
0.10118 0.09666
0.10121 0.09668
0.10123 0.09669
0.10124 0.09671
0.10125 0.09673
0.10125 0.09674
0.10126 0.09676
0.10125 0.09678
0.10125 0.09679
0.10123 0.09681
0.10122 0.09682
0.10119 0.09684
0.10116 0.09686
0.10113 0.09687
0.10108 0.09689
0.10103 0.09690
0.10098 0.09691
0.10092 0.09693
0.10086 0.09694
0.10079 0.09696
0.10070 0.09697
0.10062 0.09698
0.10052 0.09699
0.10043 0.09701
0.10032 0.09702
0.10020 0.09703
0.10008 0.09704
0.09996 0.09705
0.09982 0.09706
0.09968 0.09707
0.09953 0.09708
0.09937 0.09708
0.09921 0.09709
0.09904 0.09710
0.09886 0.09710
0.09867 0.09711
0.09848 0.09711
0.09828 0.09712
0.09807 0.09712
0.09786 0.09712
0.09764 0.09712
0.09741 0.09712
0.09718 0.09712
0.09693 0.09712
0.09669 0.09712
0.09643 0.09712
0.09617 0.09712
0.09590 0.09711
0.09562 0.09711
0.09535 0.09710
0.09506 0.09710
0.09476 0.09709
0.09447 0.09708
0.09416 0.09707
0.09385 0.09706
0.09353 0.09705
0.09321 0.09704
0.09289 0.09703
0.09256 0.09701
0.09222 0.09700
0.09188 0.09698
0.09154 0.09697
0.09119 0.09695
0.09084 0.09693
0.09048 0.09691
0.09012 0.09689
0.08976 0.09687
0.08939 0.09685
0.08903 0.09682
0.08866 0.09680
0.08828 0.09677
0.08791 0.09675
0.08753 0.09672
0.08716 0.09669
0.08677 0.09666
0.08640 0.09663
0.08602 0.09660
0.08563 0.09657
0.08524 0.09654
0.08486 0.09650
0.08448 0.09647
0.08410 0.09643
0.08373 0.09640
0.08335 0.09636
0.08297 0.09632
0.08261 0.09628
0.08222 0.09624
0.08186 0.09620
0.08148 0.09616
0.08112 0.09612
0.08076 0.09607
0.08040 0.09603
0.08005 0.09599
0.07969 0.09594
0.07933 0.09590
0.07897 0.09585
0.07867 0.09580
0.07833 0.09575
0.07800 0.09570
0.07768 0.09566
0.07737 0.09561
0.07706 0.09555
0.07677 0.09550
0.07647 0.09545
0.07618 0.09540
0.07591 0.09535
0.07564 0.09530
0.07538 0.09524
0.07512 0.09519
0.07487 0.09513
0.07463 0.09508
0.07441 0.09503
0.07418 0.09497
0.07397 0.09492
0.07377 0.09486
0.07358 0.09480
0.07339 0.09475
0.07322 0.09469
0.07306 0.09464
0.07291 0.09458
0.07277 0.09452
0.07264 0.09447
0.07252 0.09441
0.07241 0.09435
0.07232 0.09430
0.07223 0.09424
0.07216 0.09418
0.07209 0.09413
0.07204 0.09407
0.07200 0.09402
0.07197 0.09396
0.07196 0.09391
0.07196 0.09385
0.07196 0.09380
0.07199 0.09374
0.07202 0.09369
0.07206 0.09363
0.07212 0.09358
0.07219 0.09353
0.07227 0.09348
0.07237 0.09342
0.07247 0.09337
0.07259 0.09332
0.07272 0.09327
0.07286 0.09322
0.07302 0.09317
0.07319 0.09312
0.07336 0.09308
0.07356 0.09303
0.07376 0.09298
0.07397 0.09294
0.07420 0.09289
0.07444 0.09285
0.07469 0.09281
0.07495 0.09276
0.07522 0.09272
0.07550 0.09268
0.07579 0.09264
0.07610 0.09260
0.07641 0.09256
0.07674 0.09253
0.07708 0.09249
0.07742 0.09246
0.07778 0.09242
0.07814 0.09239
0.07852 0.09236
0.07890 0.09233
0.07929 0.09230
0.07969 0.09227
0.08011 0.09224
0.08052 0.09221
0.08095 0.09219
0.08138 0.09216
0.08182 0.09214
0.08227 0.09212
0.08272 0.09209
0.08319 0.09207
0.08366 0.09206
0.08413 0.09204
0.08461 0.09202
0.08509 0.09201
0.08558 0.09199
0.08608 0.09198
0.08658 0.09197
0.08709 0.09196
0.08759 0.09195
0.08809 0.09194
0.08863 0.09193
0.08913 0.09192
0.08966 0.09192
0.09017 0.09191
0.09070 0.09191
0.09123 0.09191
0.09177 0.09191
0.09231 0.09191
0.09284 0.09191
0.09338 0.09192
0.09392 0.09192
0.09444 0.09193
0.09496 0.09193
0.09550 0.09194
0.09602 0.09195
0.09655 0.09196
0.09707 0.09197
0.09758 0.09198
0.09809 0.09199
0.09861 0.09201
0.09912 0.09202
0.09962 0.09204
0.10013 0.09206
0.10063 0.09207
0.10112 0.09209
0.10161 0.09211
0.10210 0.09213
0.10257 0.09216
0.10304 0.09218
0.10351 0.09220
0.10397 0.09223
0.10442 0.09225
0.10487 0.09228
0.10531 0.09230
0.10574 0.09233
0.10616 0.09236
0.10658 0.09239
0.10699 0.09242
0.10739 0.09245
0.10778 0.09248
0.10816 0.09251
0.10853 0.09254
0.10890 0.09258
0.10925 0.09261
0.10960 0.09264
0.10993 0.09268
0.11026 0.09271
0.11057 0.09275
0.11088 0.09279
0.11117 0.09282
0.11145 0.09286
0.11173 0.09290
0.11199 0.09294
0.11224 0.09297
0.11248 0.09301
0.11271 0.09305
0.11293 0.09309
0.11314 0.09313
0.11333 0.09317
0.11352 0.09321
0.11369 0.09325
0.11385 0.09329
0.11400 0.09333
0.11414 0.09337
0.11427 0.09341
0.11438 0.09345
0.11449 0.09349
0.11458 0.09353
0.11466 0.09357
0.11473 0.09361
0.11478 0.09365
0.11483 0.09369
0.11487 0.09373
0.11489 0.09377
0.11491 0.09381
0.11491 0.09385
0.11490 0.09389
0.11488 0.09393
0.11484 0.09397
0.11480 0.09401
0.11475 0.09405
0.11469 0.09409
0.11461 0.09412
0.11453 0.09416
0.11444 0.09420
0.11434 0.09424
0.11422 0.09427
0.11410 0.09431
0.11396 0.09435
0.11383 0.09438
0.11367 0.09442
0.11352 0.09445
0.11335 0.09449
0.11317 0.09452
0.11299 0.09456
0.11280 0.09459
0.11260 0.09462
0.11239 0.09465
0.11217 0.09469
0.11195 0.09472
0.11173 0.09475
0.11149 0.09478
0.11125 0.09481
0.11100 0.09484
0.11076 0.09487
0.11048 0.09489
0.11023 0.09492
0.10999 0.09495
0.10971 0.09497
0.10941 0.09500
0.10911 0.09503
0.10882 0.09505
0.10852 0.09507
0.10824 0.09510
0.10795 0.09512
0.10764 0.09514
0.10734 0.09516
0.10703 0.09518
0.10673 0.09520
0.10642 0.09522
0.10611 0.09524
0.10580 0.09526
0.10548 0.09528
0.10517 0.09530
0.10486 0.09531
0.10455 0.09533
0.10424 0.09534
0.10391 0.09536
0.10361 0.09537
0.10329 0.09539
0.10299 0.09540
0.10267 0.09541
0.10236 0.09542
0.10206 0.09543
0.10175 0.09545
0.10145 0.09546
0.10115 0.09546
0.10085 0.09547
0.10055 0.09548
0.10026 0.09549
0.09997 0.09550
0.09968 0.09551
0.09940 0.09551
0.09912 0.09552
0.09885 0.09552
0.09857 0.09553
0.09831 0.09553
0.09804 0.09554
0.09779 0.09554
0.09753 0.09554
0.09729 0.09555
0.09704 0.09555
0.09681 0.09555
0.09657 0.09555
0.09634 0.09555
0.09612 0.09556
0.09590 0.09556
0.09569 0.09556
0.09549 0.09556
0.09529 0.09556
0.09509 0.09556
0.09491 0.09555
0.09473 0.09555
0.09455 0.09555
0.09438 0.09555
0.09422 0.09555
0.09406 0.09554
0.09391 0.09554
0.09376 0.09554
0.09362 0.09554
0.09349 0.09553
0.09336 0.09553
0.09324 0.09553
0.09313 0.09552
0.09302 0.09552
0.09291 0.09551
0.09282 0.09551
0.09273 0.09551
0.09264 0.09550
0.09256 0.09550
0.09249 0.09549
0.09242 0.09549
0.09236 0.09548
0.09230 0.09548
0.09225 0.09547
0.09220 0.09547
0.09216 0.09546
0.09212 0.09546
0.09209 0.09545
0.09206 0.09545
0.09204 0.09544
0.09202 0.09543
0.09200 0.09543
0.09200 0.09542
0.09199 0.09542
0.09199 0.09541
0.09199 0.09541
0.09199 0.09540
0.09200 0.09540
0.09201 0.09539
0.09203 0.09539
0.09204 0.09538
0.09206 0.09538
0.09209 0.09537
0.09212 0.09537
0.09213 0.09536
0.09218 0.09536
0.09219 0.09535
0.09223 0.09535
0.09229 0.09534
0.09231 0.09534
0.09231 0.09533
0.09231 0.09533
0.09231 0.09533
0.09231 0.09532
0.09237 0.09532
0.09243 0.09531
0.09245 0.09531
0.09249 0.09530
0.09252 0.09530
0.09257 0.09530
0.09260 0.09529
0.09262 0.09529
0.09266 0.09528
0.09269 0.09528
0.09272 0.09528
0.09275 0.09527
0.09277 0.09527
0.09279 0.09526
0.09282 0.09526
0.09283 0.09526
0.09285 0.09525
0.09286 0.09525
0.09287 0.09525
0.09287 0.09524
0.09287 0.09524
0.09287 0.09524
0.09286 0.09523
0.09286 0.09523
0.09284 0.09523
0.09283 0.09522
0.09280 0.09522
0.09278 0.09522
0.09274 0.09521
0.09271 0.09521
0.09268 0.09521
0.09263 0.09520
0.09258 0.09520
0.09253 0.09519
0.09247 0.09519
0.09241 0.09519
0.09234 0.09518
0.09226 0.09518
0.09218 0.09517
0.09210 0.09517
0.09201 0.09517
0.09192 0.09516
0.09182 0.09516
0.09171 0.09515
0.09160 0.09515
0.09149 0.09514
0.09137 0.09514
0.09124 0.09513
0.09111 0.09512
0.09098 0.09512
0.09083 0.09511
0.09069 0.09511
0.09054 0.09510
0.09038 0.09509
0.09022 0.09509
0.09005 0.09508
0.08988 0.09507
0.08971 0.09507
0.08953 0.09506
0.08934 0.09505
0.08916 0.09504
0.08896 0.09503
0.08877 0.09503
0.08856 0.09502
0.08836 0.09501
0.08815 0.09500
0.08794 0.09499
0.08772 0.09498
0.08751 0.09497
0.08729 0.09496
0.08706 0.09495
0.08683 0.09494
0.08660 0.09493
0.08637 0.09491
0.08614 0.09490
0.08590 0.09489
0.08567 0.09488
0.08543 0.09486
0.08519 0.09485
0.08495 0.09484
0.08470 0.09482
0.08446 0.09481
0.08421 0.09480
0.08397 0.09478
0.08373 0.09477
0.08349 0.09475
0.08324 0.09474
0.08300 0.09472
0.08276 0.09471
0.08252 0.09469
0.08228 0.09467
0.08205 0.09466
0.08181 0.09464
0.08158 0.09462
0.08134 0.09461
0.08113 0.09459
0.08089 0.09457
0.08065 0.09455
0.08047 0.09453
0.08029 0.09452
0.08011 0.09450
0.07993 0.09448
0.07975 0.09446
0.07954 0.09444
0.07934 0.09442
0.07916 0.09440
0.07898 0.09438
0.07880 0.09436
0.07863 0.09434
0.07847 0.09432
0.07831 0.09430
0.07815 0.09428
0.07801 0.09426
0.07787 0.09424
0.07774 0.09422
0.07762 0.09419
0.07750 0.09417
0.07740 0.09415
0.07729 0.09413
0.07721 0.09411
0.07712 0.09409
0.07705 0.09407
0.07698 0.09404
0.07693 0.09402
0.07688 0.09400
0.07684 0.09398
0.07680 0.09396
0.07678 0.09394
0.07677 0.09391
0.07677 0.09389
0.07678 0.09387
0.07680 0.09385
0.07682 0.09383
0.07687 0.09381
0.07691 0.09379
0.07697 0.09377
0.07704 0.09374
0.07712 0.09372
0.07721 0.09370
0.07731 0.09368
0.07742 0.09366
0.07754 0.09364
0.07767 0.09362
0.07781 0.09360
0.07797 0.09359
0.07813 0.09357
0.07830 0.09355
0.07849 0.09353
0.07868 0.09351
0.07889 0.09349
0.07910 0.09348
0.07933 0.09346
0.07957 0.09344
0.07981 0.09342
0.08007 0.09341
0.08034 0.09339
0.08061 0.09338
0.08090 0.09336
0.08120 0.09335
0.08150 0.09333
0.08182 0.09332
0.08214 0.09331
0.08248 0.09329
0.08282 0.09328
0.08318 0.09327
0.08354 0.09326
0.08391 0.09324
0.08428 0.09323
0.08467 0.09322
0.08506 0.09321
0.08546 0.09320
0.08588 0.09320
0.08629 0.09319
0.08672 0.09318
0.08715 0.09317
0.08759 0.09317
0.08803 0.09316
0.08848 0.09315
0.08893 0.09315
0.08939 0.09315
0.08986 0.09314
0.09033 0.09314
0.09081 0.09314
0.09129 0.09313
0.09177 0.09313
0.09226 0.09313
0.09275 0.09313
0.09324 0.09313
0.09374 0.09313
0.09424 0.09313
0.09474 0.09313
0.09525 0.09314
0.09576 0.09314
0.09628 0.09314
0.09678 0.09315
0.09730 0.09315
0.09780 0.09316
0.09833 0.09316
0.09880 0.09317
0.09934 0.09318
0.09987 0.09319
0.10041 0.09319
0.10091 0.09320
0.10143 0.09321
0.10197 0.09322
0.10250 0.09323
0.10298 0.09324
0.10346 0.09326
0.10397 0.09327
0.10444 0.09328
0.10493 0.09329
0.10541 0.09331
0.10588 0.09332
0.10635 0.09334
0.10682 0.09335
0.10728 0.09337
0.10772 0.09338
0.10816 0.09340
0.10860 0.09342
0.10904 0.09343
0.10946 0.09345
0.10988 0.09347
0.11028 0.09349
0.11069 0.09351
0.11108 0.09353
0.11146 0.09355
0.11184 0.09357
0.11220 0.09359
0.11256 0.09361
0.11291 0.09363
0.11324 0.09365
0.11357 0.09368
0.11389 0.09370
0.11420 0.09372
0.11450 0.09375
0.11478 0.09377
0.11506 0.09379
0.11532 0.09382
0.11557 0.09384
0.11582 0.09386
0.11605 0.09389
0.11626 0.09391
0.11647 0.09394
0.11667 0.09396
0.11685 0.09399
0.11702 0.09401
0.11718 0.09404
0.11733 0.09406
0.11746 0.09409
0.11758 0.09411
0.11769 0.09414
0.11779 0.09417
0.11787 0.09419
0.11794 0.09422
0.11800 0.09424
0.11804 0.09427
0.11808 0.09429
0.11810 0.09432
0.11810 0.09435
0.11810 0.09437
0.11808 0.09440
0.11805 0.09442
0.11801 0.09445
0.11795 0.09447
0.11788 0.09450
0.11780 0.09452
0.11771 0.09455
0.11761 0.09457
0.11749 0.09460
0.11736 0.09462
0.11723 0.09465
0.11707 0.09467
0.11691 0.09469
0.11673 0.09472
0.11655 0.09474
0.11635 0.09476
0.11614 0.09479
0.11592 0.09481
0.11570 0.09483
0.11546 0.09485
0.11521 0.09487
0.11495 0.09489
0.11469 0.09491
0.11440 0.09494
0.11412 0.09496
0.11382 0.09498
0.11351 0.09499
0.11320 0.09501
0.11288 0.09503
0.11255 0.09505
0.11221 0.09507
0.11186 0.09509
0.11151 0.09510
0.11115 0.09512
0.11079 0.09514
0.11041 0.09515
0.11004 0.09517
0.10965 0.09518
0.10925 0.09520
0.10886 0.09521
0.10847 0.09522
0.10805 0.09524
0.10763 0.09525
0.10722 0.09526
0.10678 0.09527
0.10630 0.09529
0.10589 0.09530
0.10547 0.09531
0.10505 0.09532
0.10461 0.09533
0.10418 0.09534
0.10374 0.09534
0.10331 0.09535
0.10286 0.09536
0.10243 0.09537
0.10200 0.09537
0.10156 0.09538
0.10112 0.09539
0.10068 0.09539
0.10024 0.09540
0.09980 0.09540
0.09937 0.09540
0.09894 0.09541
0.09850 0.09541
0.09807 0.09541
0.09764 0.09542
0.09722 0.09542
0.09680 0.09542
0.09638 0.09542
0.09597 0.09542
0.09556 0.09542
0.09515 0.09542
0.09475 0.09542
0.09435 0.09542
0.09396 0.09542
0.09357 0.09542
0.09319 0.09541
0.09281 0.09541
0.09244 0.09541
0.09207 0.09540
0.09171 0.09540
0.09136 0.09540
0.09101 0.09539
0.09067 0.09539
0.09033 0.09538
0.09001 0.09538
0.08969 0.09537
0.08937 0.09537
0.08907 0.09536
0.08877 0.09535
0.08848 0.09535
0.08820 0.09534
0.08792 0.09533
0.08765 0.09533
0.08740 0.09532
0.08714 0.09531
0.08690 0.09530
0.08667 0.09529
0.08644 0.09528
0.08622 0.09528
0.08601 0.09527
0.08581 0.09526
0.08562 0.09525
0.08543 0.09524
0.08525 0.09523
0.08509 0.09522
0.08493 0.09521
0.08478 0.09520
0.08463 0.09519
0.08450 0.09518
0.08437 0.09517
0.08425 0.09516
0.08415 0.09515
0.08404 0.09514
0.08395 0.09513
0.08387 0.09511
0.08379 0.09510
0.08372 0.09509
0.08366 0.09508
0.08360 0.09507
0.08356 0.09506
0.08352 0.09505
0.08349 0.09504
0.08346 0.09503
0.08345 0.09502
0.08344 0.09501
0.08344 0.09499
0.08344 0.09498
0.08345 0.09497
0.08347 0.09496
0.08349 0.09495
0.08351 0.09494
0.08355 0.09493
0.08359 0.09492
0.08364 0.09491
0.08369 0.09490
0.08374 0.09489
0.08381 0.09488
0.08387 0.09487
0.08394 0.09486
0.08402 0.09485
0.08408 0.09484
0.08418 0.09483
0.08427 0.09482
0.08433 0.09481
0.08442 0.09480
0.08454 0.09479
0.08466 0.09478
0.08478 0.09477
0.08489 0.09476
0.08496 0.09475
0.08508 0.09474
0.08520 0.09473
0.08530 0.09472
0.08542 0.09471
0.08553 0.09471
0.08564 0.09470
0.08576 0.09469
0.08587 0.09468
0.08599 0.09467
0.08611 0.09467
0.08622 0.09466
0.08634 0.09465
0.08646 0.09464
0.08657 0.09464
0.08669 0.09463
0.08680 0.09462
0.08691 0.09461
0.08702 0.09461
0.08713 0.09460
0.08724 0.09459
0.08734 0.09459
0.08744 0.09458
0.08755 0.09457
0.08765 0.09457
0.08774 0.09456
0.08783 0.09456
0.08792 0.09455
0.08800 0.09454
0.08809 0.09454
0.08817 0.09453
0.08824 0.09453
0.08832 0.09452
0.08839 0.09452
0.08845 0.09451
0.08851 0.09450
0.08857 0.09450
0.08862 0.09449
0.08867 0.09449
0.08872 0.09448
0.08876 0.09448
0.08879 0.09447
0.08883 0.09447
0.08886 0.09446
0.08888 0.09446
0.08890 0.09445
0.08891 0.09445
0.08892 0.09444
0.08893 0.09444
0.08893 0.09443
0.08892 0.09443
0.08891 0.09442
0.08890 0.09442
0.08888 0.09441
0.08886 0.09441
0.08884 0.09440
0.08880 0.09440
0.08877 0.09439
0.08873 0.09439
0.08869 0.09438
0.08864 0.09438
0.08859 0.09437
0.08853 0.09437
0.08847 0.09436
0.08841 0.09436
0.08834 0.09435
0.08827 0.09435
0.08820 0.09434
0.08812 0.09434
0.08804 0.09433
0.08796 0.09433
0.08787 0.09432
0.08779 0.09432
0.08769 0.09431
0.08760 0.09430
0.08750 0.09430
0.08740 0.09429
0.08730 0.09429
0.08720 0.09428
0.08710 0.09427
0.08699 0.09427
0.08688 0.09426
0.08677 0.09425
0.08667 0.09425
0.08656 0.09424
0.08645 0.09423
0.08634 0.09423
0.08623 0.09422
0.08612 0.09421
0.08601 0.09421
0.08591 0.09420
0.08579 0.09419
0.08569 0.09419
0.08557 0.09418
0.08548 0.09417
0.08536 0.09416
0.08528 0.09416
0.08520 0.09415
0.08508 0.09414
0.08496 0.09413
0.08484 0.09412
0.08474 0.09412
0.08468 0.09411
0.08462 0.09410
0.08451 0.09409
0.08445 0.09408
0.08437 0.09408
0.08431 0.09407
0.08424 0.09406
0.08419 0.09405
0.08413 0.09404
0.08408 0.09403
0.08403 0.09403
0.08400 0.09402
0.08397 0.09401
0.08394 0.09400
0.08391 0.09399
0.08390 0.09398
0.08389 0.09398
0.08389 0.09397
0.08389 0.09396
0.08390 0.09395
0.08392 0.09394
0.08394 0.09393
0.08397 0.09393
0.08401 0.09392
0.08405 0.09391
0.08411 0.09390
0.08417 0.09389
0.08424 0.09389
0.08431 0.09388
0.08440 0.09387
0.08449 0.09386
0.08459 0.09385
0.08469 0.09385
0.08481 0.09384
0.08493 0.09383
0.08506 0.09382
0.08520 0.09382
0.08535 0.09381
0.08551 0.09380
0.08567 0.09380
0.08584 0.09379
0.08603 0.09378
0.08622 0.09378
0.08641 0.09377
0.08662 0.09377
0.08684 0.09376
0.08706 0.09375
0.08729 0.09375
0.08753 0.09374
0.08777 0.09374
0.08803 0.09373
0.08829 0.09373
0.08856 0.09373
0.08884 0.09372
0.08912 0.09372
0.08942 0.09372
0.08972 0.09371
0.09003 0.09371
0.09034 0.09371
0.09066 0.09370
0.09099 0.09370
0.09133 0.09370
0.09167 0.09370
0.09202 0.09370
0.09237 0.09370
0.09273 0.09369
0.09309 0.09369
0.09347 0.09369
0.09385 0.09369
0.09423 0.09369
0.09461 0.09370
0.09500 0.09370
0.09540 0.09370
0.09580 0.09370
0.09621 0.09370
0.09662 0.09370
0.09703 0.09371
0.09744 0.09371
0.09786 0.09371
0.09828 0.09372
0.09871 0.09372
0.09913 0.09372
0.09956 0.09373
0.09999 0.09373
0.10042 0.09374
0.10085 0.09375
0.10128 0.09375
0.10171 0.09376
0.10214 0.09376
0.10258 0.09377
0.10302 0.09378
0.10345 0.09379
0.10387 0.09379
0.10431 0.09380
0.10473 0.09381
0.10517 0.09382
0.10559 0.09383
0.10600 0.09384
0.10642 0.09385
0.10681 0.09386
0.10716 0.09387
0.10752 0.09388
0.10793 0.09389
0.10834 0.09390
0.10876 0.09391
0.10912 0.09392
0.10953 0.09394
0.10989 0.09395
0.11028 0.09396
0.11064 0.09397
0.11100 0.09399
0.11136 0.09400
0.11171 0.09402
0.11205 0.09403
0.11239 0.09404
0.11271 0.09406
0.11303 0.09407
0.11334 0.09409
0.11364 0.09410
0.11394 0.09412
0.11422 0.09413
0.11449 0.09415
0.11476 0.09416
0.11502 0.09418
0.11526 0.09420
0.11550 0.09421
0.11573 0.09423
0.11594 0.09425
0.11615 0.09426
0.11634 0.09428
0.11653 0.09430
0.11670 0.09431
0.11686 0.09433
0.11701 0.09435
0.11715 0.09437
0.11728 0.09438
0.11739 0.09440
0.11749 0.09442
0.11759 0.09444
0.11766 0.09445
0.11773 0.09447
0.11779 0.09449
0.11783 0.09451
0.11786 0.09452
0.11788 0.09454
0.11788 0.09456
0.11787 0.09458
0.11785 0.09459
0.11782 0.09461
0.11777 0.09463
0.11771 0.09465
0.11764 0.09466
0.11756 0.09468
0.11746 0.09470
0.11735 0.09471
0.11723 0.09473
0.11710 0.09475
0.11695 0.09476
0.11680 0.09478
0.11662 0.09480
0.11644 0.09481
0.11625 0.09483
0.11604 0.09485
0.11582 0.09486
0.11559 0.09488
0.11535 0.09489
0.11510 0.09491
0.11484 0.09492
0.11456 0.09494
0.11427 0.09495
0.11398 0.09496
0.11367 0.09498
0.11335 0.09499
0.11303 0.09501
0.11269 0.09502
0.11234 0.09503
0.11199 0.09504
0.11162 0.09506
0.11125 0.09507
0.11086 0.09508
0.11047 0.09509
0.11007 0.09510
0.10966 0.09511
0.10925 0.09512
0.10882 0.09513
0.10840 0.09514
0.10796 0.09515
0.10751 0.09516
0.10706 0.09517
0.10660 0.09518
0.10614 0.09519
0.10567 0.09519
0.10520 0.09520
0.10472 0.09521
0.10425 0.09521
0.10376 0.09522
0.10327 0.09523
0.10277 0.09523
0.10229 0.09524
0.10177 0.09524
0.10124 0.09525
0.10072 0.09525
0.10024 0.09525
0.09972 0.09526
0.09919 0.09526
0.09865 0.09526
0.09815 0.09526
0.09765 0.09527
0.09712 0.09527
0.09663 0.09527
0.09611 0.09527
0.09559 0.09527
0.09509 0.09527
0.09459 0.09527
0.09409 0.09527
0.09359 0.09527
0.09309 0.09526
0.09259 0.09526
0.09209 0.09526
0.09161 0.09526
0.09112 0.09525
0.09064 0.09525
0.09016 0.09525
0.08970 0.09524
0.08923 0.09524
0.08877 0.09524
0.08831 0.09523
0.08786 0.09522
0.08742 0.09522
0.08698 0.09521
0.08655 0.09521
0.08613 0.09520
0.08571 0.09519
0.08530 0.09519
0.08490 0.09518
0.08450 0.09517
0.08411 0.09516
0.08374 0.09516
0.08337 0.09515
0.08301 0.09514
0.08265 0.09513
0.08231 0.09512
0.08197 0.09511
0.08165 0.09510
0.08133 0.09509
0.08103 0.09508
0.08073 0.09507
0.08044 0.09506
0.08017 0.09505
0.07990 0.09504
0.07964 0.09503
0.07939 0.09502
0.07916 0.09501
0.07893 0.09500
0.07871 0.09499
0.07851 0.09498
0.07832 0.09496
0.07813 0.09495
0.07796 0.09494
0.07780 0.09493
0.07764 0.09492
0.07750 0.09490
0.07737 0.09489
0.07725 0.09488
0.07714 0.09487
0.07704 0.09486
0.07695 0.09484
0.07688 0.09483
0.07681 0.09482
0.07675 0.09481
0.07670 0.09479
0.07667 0.09478
0.07664 0.09477
0.07663 0.09476
0.07662 0.09474
0.07662 0.09473
0.07663 0.09472
0.07666 0.09471
0.07669 0.09469
0.07673 0.09468
0.07678 0.09467
0.07684 0.09466
0.07691 0.09465
0.07699 0.09463
0.07707 0.09462
0.07717 0.09461
0.07727 0.09460
0.07738 0.09459
0.07750 0.09457
0.07763 0.09456
0.07777 0.09455
0.07791 0.09454
0.07806 0.09453
0.07821 0.09452
0.07837 0.09451
0.07853 0.09450
0.07871 0.09448
0.07889 0.09447
0.07908 0.09446
0.07926 0.09445
0.07945 0.09444
0.07969 0.09443
0.07988 0.09442
0.08006 0.09441
0.08023 0.09440
0.08041 0.09440
0.08059 0.09439
0.08082 0.09438
0.08106 0.09437
0.08130 0.09436
0.08153 0.09435
0.08176 0.09434
0.08200 0.09433
0.08225 0.09433
0.08249 0.09432
0.08273 0.09431
0.08298 0.09430
0.08323 0.09429
0.08348 0.09429
0.08373 0.09428
0.08398 0.09427
0.08423 0.09427
0.08448 0.09426
0.08473 0.09425
0.08497 0.09425
0.08523 0.09424
0.08547 0.09424
0.08572 0.09423
0.08596 0.09423
0.08620 0.09422
0.08644 0.09421
0.08668 0.09421
0.08692 0.09420
0.08715 0.09420
0.08738 0.09420
0.08761 0.09419
0.08783 0.09419
0.08806 0.09418
0.08828 0.09418
0.08849 0.09418
0.08870 0.09417
0.08891 0.09417
0.08911 0.09417
0.08931 0.09416
0.08951 0.09416
0.08970 0.09416
0.08988 0.09415
0.09007 0.09415
0.09024 0.09415
0.09042 0.09415
0.09058 0.09414
0.09075 0.09414
0.09090 0.09414
0.09106 0.09414
0.09121 0.09413
0.09135 0.09413
0.09148 0.09413
0.09162 0.09413
0.09174 0.09413
0.09186 0.09413
0.09198 0.09413
0.09209 0.09412
0.09219 0.09412
0.09230 0.09412
0.09239 0.09412
0.09248 0.09412
0.09256 0.09412
0.09264 0.09412
0.09272 0.09412
0.09279 0.09412
0.09285 0.09411
0.09291 0.09411
0.09296 0.09411
0.09301 0.09411
0.09305 0.09411
0.09309 0.09411
0.09312 0.09411
0.09316 0.09411
0.09318 0.09411
0.09320 0.09411
0.09322 0.09411
0.09323 0.09411
0.09324 0.09411
0.09324 0.09411
0.09324 0.09411
0.09324 0.09411
0.09324 0.09411
0.09322 0.09410
0.09322 0.09410
0.09319 0.09410
0.09318 0.09410
0.09316 0.09410
0.09314 0.09410
0.09311 0.09410
0.09308 0.09410
0.09305 0.09410
0.09302 0.09410
0.09300 0.09410
0.09296 0.09410
0.09291 0.09410
0.09290 0.09410
0.09284 0.09410
0.09283 0.09409
0.09277 0.09409
0.09271 0.09409
0.09270 0.09409
0.09270 0.09409
0.09270 0.09409
0.09270 0.09409
0.09270 0.09409
0.09265 0.09409
0.09259 0.09409
0.09257 0.09409
0.09253 0.09408
0.09251 0.09408
0.09247 0.09408
0.09245 0.09408
0.09244 0.09408
0.09241 0.09408
0.09239 0.09408
0.09237 0.09408
0.09236 0.09408
0.09235 0.09408
0.09234 0.09407
0.09234 0.09407
0.09234 0.09407
0.09235 0.09407
0.09236 0.09407
0.09238 0.09407
0.09239 0.09407
0.09241 0.09407
0.09244 0.09407
0.09247 0.09406
0.09251 0.09406
0.09255 0.09406
0.09260 0.09406
0.09265 0.09406
0.09270 0.09406
0.09276 0.09406
0.09283 0.09406
0.09290 0.09406
0.09298 0.09406
0.09307 0.09406
0.09316 0.09406
0.09325 0.09406
0.09335 0.09406
0.09346 0.09405
0.09357 0.09405
0.09369 0.09405
0.09382 0.09405
0.09395 0.09405
0.09409 0.09405
0.09423 0.09405
0.09438 0.09405
0.09454 0.09405
0.09470 0.09406
0.09487 0.09406
0.09504 0.09406
0.09522 0.09406
0.09541 0.09406
0.09560 0.09406
0.09579 0.09406
0.09600 0.09406
0.09621 0.09406
0.09642 0.09406
0.09664 0.09407
0.09686 0.09407
0.09709 0.09407
0.09733 0.09407
0.09757 0.09407
0.09781 0.09408
0.09806 0.09408
0.09832 0.09408
0.09857 0.09408
0.09884 0.09409
0.09910 0.09409
0.09937 0.09409
0.09965 0.09410
0.09993 0.09410
0.10021 0.09410
0.10049 0.09411
0.10078 0.09411
0.10107 0.09411
0.10137 0.09412
0.10166 0.09412
0.10196 0.09413
0.10226 0.09413
0.10256 0.09414
0.10287 0.09414
0.10317 0.09415
0.10348 0.09415
0.10379 0.09416
0.10409 0.09417
0.10440 0.09417
0.10471 0.09418
0.10502 0.09418
0.10532 0.09419
0.10563 0.09420
0.10593 0.09421
0.10624 0.09421
0.10654 0.09422
0.10684 0.09423
0.10714 0.09423
0.10744 0.09424
0.10773 0.09425
0.10803 0.09426
0.10831 0.09427
0.10858 0.09428
0.10888 0.09428
0.10918 0.09429
0.10948 0.09430
0.10977 0.09431
0.11002 0.09432
0.11026 0.09433
0.11052 0.09434
0.11077 0.09435
0.11101 0.09436
0.11125 0.09437
0.11148 0.09438
0.11171 0.09439
0.11194 0.09440
0.11215 0.09441
0.11235 0.09442
0.11255 0.09443
0.11273 0.09444
0.11291 0.09445
0.11309 0.09446
0.11325 0.09447
0.11341 0.09449
0.11356 0.09450
0.11370 0.09451
0.11383 0.09452
0.11395 0.09453
0.11406 0.09454
0.11417 0.09455
0.11426 0.09457
0.11434 0.09458
0.11441 0.09459
0.11447 0.09460
0.11452 0.09461
0.11457 0.09462
0.11460 0.09463
0.11462 0.09465
0.11463 0.09466
0.11463 0.09467
0.11461 0.09468
0.11459 0.09469
0.11456 0.09470
0.11451 0.09472
0.11445 0.09473
0.11439 0.09474
0.11430 0.09475
0.11422 0.09476
0.11411 0.09477
0.11400 0.09478
0.11387 0.09479
0.11374 0.09480
0.11358 0.09482
0.11343 0.09483
0.11326 0.09484
0.11307 0.09485
0.11288 0.09486
0.11267 0.09487
0.11246 0.09488
0.11223 0.09489
0.11199 0.09490
0.11174 0.09491
0.11148 0.09492
0.11121 0.09493
0.11093 0.09494
0.11064 0.09494
0.11033 0.09495
0.11002 0.09496
0.10970 0.09497
0.10937 0.09498
0.10902 0.09499
0.10867 0.09499
0.10831 0.09500
0.10794 0.09501
0.10756 0.09502
0.10717 0.09502
0.10678 0.09503
0.10637 0.09504
0.10596 0.09504
0.10554 0.09505
0.10511 0.09505
0.10467 0.09506
0.10423 0.09506
0.10377 0.09507
0.10332 0.09507
0.10286 0.09508
0.10239 0.09508
0.10191 0.09509
0.10143 0.09509
0.10094 0.09509
0.10045 0.09510
0.09996 0.09510
0.09946 0.09510
0.09896 0.09510
0.09845 0.09511
0.09794 0.09511
0.09743 0.09511
0.09691 0.09511
0.09638 0.09511
0.09587 0.09511
0.09534 0.09511
0.09482 0.09511
0.09428 0.09511
0.09377 0.09511
0.09324 0.09511
0.09270 0.09511
0.09216 0.09511
0.09163 0.09510
0.09109 0.09510
0.09056 0.09510
0.09002 0.09510
0.08952 0.09509
0.08899 0.09509
0.08847 0.09509
0.08796 0.09508
0.08746 0.09508
0.08694 0.09507
0.08644 0.09507
0.08594 0.09506
0.08545 0.09506
0.08496 0.09505
0.08448 0.09505
0.08400 0.09504
0.08353 0.09503
0.08306 0.09503
0.08260 0.09502
0.08214 0.09501
0.08170 0.09501
0.08125 0.09500
0.08082 0.09499
0.08040 0.09498
0.07998 0.09497
0.07958 0.09497
0.07918 0.09496
0.07878 0.09495
0.07840 0.09494
0.07803 0.09493
0.07766 0.09492
0.07731 0.09491
0.07696 0.09490
0.07663 0.09489
0.07630 0.09488
0.07599 0.09487
0.07569 0.09486
0.07539 0.09485
0.07511 0.09484
0.07484 0.09483
0.07458 0.09482
0.07433 0.09481
0.07410 0.09479
0.07387 0.09478
0.07366 0.09477
0.07345 0.09476
0.07326 0.09475
0.07309 0.09474
0.07292 0.09472
0.07277 0.09471
0.07263 0.09470
0.07250 0.09469
0.07238 0.09468
0.07227 0.09466
0.07218 0.09465
0.07210 0.09464
0.07203 0.09463
0.07198 0.09462
0.07193 0.09460
0.07190 0.09459
0.07188 0.09458
0.07188 0.09457
0.07188 0.09455
0.07190 0.09454
0.07193 0.09453
0.07197 0.09452
0.07202 0.09451
0.07209 0.09449
0.07216 0.09448
0.07225 0.09447
0.07235 0.09446
0.07246 0.09445
0.07258 0.09443
0.07271 0.09442
0.07286 0.09441
0.07301 0.09440
0.07317 0.09439
0.07335 0.09438
0.07353 0.09437
0.07373 0.09435
0.07393 0.09434
0.07415 0.09433
0.07437 0.09432
0.07460 0.09431
0.07484 0.09430
0.07509 0.09429
0.07535 0.09428
0.07562 0.09427
0.07589 0.09426
0.07618 0.09425
0.07646 0.09424
0.07676 0.09423
0.07707 0.09422
0.07738 0.09421
0.07768 0.09421
0.07802 0.09420
0.07834 0.09419
0.07869 0.09418
0.07900 0.09417
0.07936 0.09417
0.07972 0.09416
0.08007 0.09415
0.08043 0.09414
0.08079 0.09414
0.08115 0.09413
0.08150 0.09412
0.08189 0.09412
0.08227 0.09411
0.08263 0.09410
0.08302 0.09410
0.08340 0.09409
0.08378 0.09409
0.08417 0.09408
0.08456 0.09408
0.08495 0.09407
0.08533 0.09407
0.08572 0.09406
0.08610 0.09406
0.08648 0.09405
0.08688 0.09405
0.08726 0.09405
0.08764 0.09404
0.08803 0.09404
0.08840 0.09404
0.08878 0.09404
0.08916 0.09403
0.08954 0.09403
0.08990 0.09403
0.09027 0.09403
0.09064 0.09402
0.09100 0.09402
0.09136 0.09402
0.09171 0.09402
0.09206 0.09402
0.09241 0.09402
0.09275 0.09402
0.09309 0.09402
0.09342 0.09402
0.09374 0.09402
0.09407 0.09402
0.09438 0.09402
0.09469 0.09402
0.09500 0.09402
0.09529 0.09402
0.09559 0.09402
0.09587 0.09402
0.09616 0.09402
0.09643 0.09402
0.09669 0.09402
0.09696 0.09403
0.09721 0.09403
0.09746 0.09403
0.09770 0.09403
0.09793 0.09403
0.09815 0.09403
0.09837 0.09404
0.09859 0.09404
0.09879 0.09404
0.09899 0.09404
0.09918 0.09405
0.09936 0.09405
0.09953 0.09405
0.09970 0.09406
0.09986 0.09406
0.10002 0.09406
0.10016 0.09406
0.10030 0.09407
0.10043 0.09407
0.10056 0.09407
0.10067 0.09408
0.10078 0.09408
0.10088 0.09408
0.10098 0.09409
0.10107 0.09409
0.10115 0.09410
0.10123 0.09410
0.10130 0.09410
0.10136 0.09411
0.10141 0.09411
0.10146 0.09411
0.10150 0.09412
0.10154 0.09412
0.10157 0.09412
0.10159 0.09413
0.10162 0.09413
0.10163 0.09414
0.10164 0.09414
0.10164 0.09414
0.10164 0.09415
0.10163 0.09415
0.10162 0.09416
0.10160 0.09416
0.10158 0.09416
0.10155 0.09417
0.10152 0.09417
0.10149 0.09417
0.10147 0.09418
0.10141 0.09418
0.10138 0.09418
0.10132 0.09419
0.10128 0.09419
0.10122 0.09420
0.10116 0.09420
0.10110 0.09420
0.10104 0.09421
0.10094 0.09421
0.10086 0.09421
0.10080 0.09422
