QEq 0.12375
0.12377 0.12377
0.12383 0.12380
0.12392 0.12384
0.12405 0.12389
0.12422 0.12396
0.12442 0.12403
0.12466 0.12412
0.12494 0.12423
0.12525 0.12434
0.12560 0.12447
0.12597 0.12460
0.12639 0.12475
0.12684 0.12491
0.12732 0.12508
0.12783 0.12527
0.12838 0.12546
0.12895 0.12567
0.12956 0.12588
0.13019 0.12611
0.13085 0.12635
0.13153 0.12659
0.13225 0.12685
0.13298 0.12712
0.13374 0.12739
0.13452 0.12768
0.13532 0.12797
0.13615 0.12827
0.13699 0.12859
0.13785 0.12891
0.13872 0.12923
0.13960 0.12957
0.14051 0.12991
0.14142 0.13026
0.14233 0.13061
0.14328 0.13097
0.14421 0.13134
0.14515 0.13172
0.14610 0.13209
0.14705 0.13248
0.14800 0.13287
0.14896 0.13326
0.14991 0.13365
0.15084 0.13405
0.15179 0.13446
0.15275 0.13486
0.15370 0.13527
0.15465 0.13569
0.15557 0.13610
0.15647 0.13652
0.15736 0.13693
0.15825 0.13735
0.15908 0.13777
0.15992 0.13819
0.16071 0.13860
0.16153 0.13902
0.16230 0.13944
0.16303 0.13985
0.16377 0.14026
0.16445 0.14067
0.16513 0.14108
0.16576 0.14149
0.16639 0.14189
0.16697 0.14228
0.16752 0.14268
0.16805 0.14307
0.16853 0.14346
0.16897 0.14384
0.16939 0.14421
0.16978 0.14458
0.17012 0.14495
0.17043 0.14531
0.17069 0.14566
0.17092 0.14600
0.17111 0.14634
0.17126 0.14668
0.17137 0.14700
0.17143 0.14732
0.17146 0.14763
0.17145 0.14793
0.17139 0.14822
0.17129 0.14851
0.17115 0.14878
0.17096 0.14905
0.17074 0.14931
0.17047 0.14956
0.17016 0.14980
0.16981 0.15003
0.16942 0.15025
0.16899 0.15046
0.16852 0.15066
0.16800 0.15085
0.16745 0.15103
0.16686 0.15120
0.16622 0.15136
0.16556 0.15151
0.16485 0.15165
0.16411 0.15178
0.16332 0.15190
0.16251 0.15200
0.16167 0.15210
0.16079 0.15219
0.15987 0.15226
0.15893 0.15233
0.15796 0.15238
0.15696 0.15242
0.15592 0.15246
0.15487 0.15248
0.15379 0.15249
0.15269 0.15249
0.15157 0.15248
0.15042 0.15247
0.14926 0.15244
0.14807 0.15240
0.14688 0.15235
0.14567 0.15229
0.14444 0.15222
0.14320 0.15215
0.14195 0.15206
0.14070 0.15196
0.13943 0.15186
0.13816 0.15175
0.13691 0.15163
0.13564 0.15150
0.13436 0.15136
0.13309 0.15121
0.13183 0.15106
0.13057 0.15090
0.12932 0.15073
0.12809 0.15055
0.12683 0.15037
0.12562 0.15018
0.12443 0.14999
0.12327 0.14978
0.12209 0.14958
0.12090 0.14937
0.11977 0.14915
0.11870 0.14893
0.11763 0.14870
0.11655 0.14847
0.11548 0.14823
0.11447 0.14799
0.11352 0.14775
0.11261 0.14750
0.11171 0.14726
0.11088 0.14700
0.11001 0.14675
0.10918 0.14650
0.10841 0.14624
0.10769 0.14598
0.10702 0.14572
0.10638 0.14546
0.10577 0.14520
0.10522 0.14494
0.10472 0.14468
0.10425 0.14441
0.10385 0.14415
0.10346 0.14390
0.10315 0.14364
0.10287 0.14338
0.10266 0.14313
0.10248 0.14287
0.10236 0.14262
0.10230 0.14238
0.10228 0.14213
0.10231 0.14189
0.10240 0.14165
0.10254 0.14142
0.10272 0.14119
0.10297 0.14096
0.10327 0.14074
0.10362 0.14052
0.10401 0.14031
0.10447 0.14010
0.10497 0.13990
0.10552 0.13971
0.10613 0.13952
0.10679 0.13933
0.10749 0.13915
0.10825 0.13898
0.10905 0.13881
0.10990 0.13865
0.11080 0.13850
0.11174 0.13835
0.11273 0.13821
0.11376 0.13808
0.11483 0.13796
0.11595 0.13784
0.11711 0.13773
0.11830 0.13763
0.11954 0.13753
0.12081 0.13744
0.12212 0.13736
0.12346 0.13729
0.12483 0.13723
0.12624 0.13717
0.12768 0.13712
0.12914 0.13708
0.13062 0.13705
0.13213 0.13702
0.13366 0.13701
0.13522 0.13700
0.13679 0.13700
0.13838 0.13700
0.13999 0.13702
0.14160 0.13704
0.14323 0.13707
0.14488 0.13711
0.14653 0.13715
0.14818 0.13721
0.14983 0.13727
0.15150 0.13734
0.15315 0.13741
0.15480 0.13749
0.15646 0.13758
0.15809 0.13768
0.15973 0.13778
0.16136 0.13789
0.16297 0.13800
0.16455 0.13812
0.16612 0.13825
0.16772 0.13838
0.16927 0.13852
0.17082 0.13867
0.17234 0.13882
0.17377 0.13897
0.17520 0.13913
0.17663 0.13930
0.17802 0.13947
0.17933 0.13964
0.18064 0.13982
0.18191 0.14000
0.18316 0.14019
0.18435 0.14038
0.18552 0.14057
0.18665 0.14077
0.18772 0.14097
0.18875 0.14117
0.18973 0.14137
0.19065 0.14158
0.19152 0.14179
0.19233 0.14200
0.19308 0.14221
0.19379 0.14242
0.19447 0.14263
0.19508 0.14285
0.19561 0.14306
0.19609 0.14328
0.19653 0.14349
0.19691 0.14370
0.19720 0.14392
0.19747 0.14413
0.19766 0.14434
0.19778 0.14456
0.19786 0.14477
0.19785 0.14497
0.19781 0.14518
0.19769 0.14538
0.19752 0.14559
0.19727 0.14579
0.19698 0.14598
0.19661 0.14618
0.19619 0.14637
0.19570 0.14656
0.19517 0.14674
0.19455 0.14692
0.19389 0.14710
0.19316 0.14727
0.19239 0.14744
0.19154 0.14760
0.19065 0.14776
0.18970 0.14792
0.18869 0.14807
0.18764 0.14821
0.18652 0.14835
0.18537 0.14849
0.18415 0.14861
0.18289 0.14874
0.18158 0.14886
0.18023 0.14897
0.17883 0.14908
0.17739 0.14918
0.17591 0.14927
0.17438 0.14936
0.17283 0.14944
0.17123 0.14952
0.16961 0.14959
0.16793 0.14965
0.16625 0.14971
0.16452 0.14976
0.16277 0.14981
0.16100 0.14985
0.15919 0.14988
0.15739 0.14990
0.15554 0.14992
0.15369 0.14993
0.15184 0.14994
0.14993 0.14994
0.14807 0.14993
0.14616 0.14992
0.14425 0.14990
0.14235 0.14988
0.14044 0.14985
0.13854 0.14981
0.13663 0.14977
0.13475 0.14972
0.13291 0.14966
0.13106 0.14960
0.12921 0.14954
0.12736 0.14946
0.12551 0.14939
0.12367 0.14930
0.12183 0.14922
0.12009 0.14912
0.11836 0.14902
0.11666 0.14892
0.11499 0.14881
0.11334 0.14870
0.11173 0.14859
0.11016 0.14847
0.10857 0.14834
0.10702 0.14821
0.10552 0.14808
0.10407 0.14794
0.10267 0.14780
0.10132 0.14766
0.10003 0.14751
0.09879 0.14737
0.09756 0.14721
0.09639 0.14706
0.09529 0.14690
0.09425 0.14674
0.09325 0.14658
0.09230 0.14642
0.09142 0.14625
0.09062 0.14609
0.08983 0.14592
0.08913 0.14575
0.08850 0.14558
0.08791 0.14541
0.08739 0.14524
0.08694 0.14507
0.08655 0.14490
0.08622 0.14473
0.08596 0.14456
0.08577 0.14439
0.08563 0.14422
0.08558 0.14405
0.08558 0.14388
0.08563 0.14371
0.08578 0.14355
0.08597 0.14338
0.08623 0.14322
0.08656 0.14306
0.08695 0.14290
0.08740 0.14275
0.08793 0.14259
0.08850 0.14244
0.08914 0.14229
0.08986 0.14215
0.09062 0.14200
0.09143 0.14186
0.09232 0.14173
0.09329 0.14159
0.09426 0.14146
0.09531 0.14134
0.09642 0.14121
0.09761 0.14109
0.09879 0.14098
0.10004 0.14087
0.10135 0.14076
0.10272 0.14066
0.10415 0.14056
0.10560 0.14047
0.10707 0.14038
0.10858 0.14029
0.11013 0.14021
0.11174 0.14014
0.11337 0.14007
0.11504 0.14000
0.11676 0.13994
0.11848 0.13988
0.12026 0.13983
0.12204 0.13979
0.12383 0.13974
0.12567 0.13971
0.12752 0.13968
0.12937 0.13965
0.13122 0.13963
0.13307 0.13961
0.13498 0.13960
0.13688 0.13959
0.13879 0.13959
0.14070 0.13959
0.14261 0.13960
0.14454 0.13961
0.14644 0.13963
0.14835 0.13965
0.15023 0.13968
0.15213 0.13971
0.15400 0.13975
0.15586 0.13979
0.15771 0.13983
0.15952 0.13988
0.16133 0.13993
0.16312 0.13999
0.16486 0.14005
0.16660 0.14012
0.16829 0.14019
0.16996 0.14026
0.17160 0.14033
0.17320 0.14041
0.17477 0.14050
0.17630 0.14058
0.17778 0.14067
0.17923 0.14077
0.18063 0.14086
0.18200 0.14096
0.18330 0.14106
0.18457 0.14117
0.18578 0.14127
0.18696 0.14138
0.18806 0.14149
0.18914 0.14160
0.19014 0.14172
0.19110 0.14184
0.19199 0.14195
0.19284 0.14207
0.19362 0.14219
0.19434 0.14231
0.19501 0.14244
0.19561 0.14256
0.19617 0.14268
0.19665 0.14281
0.19708 0.14293
0.19743 0.14306
0.19775 0.14318
0.19798 0.14331
0.19816 0.14344
0.19827 0.14356
0.19832 0.14368
0.19832 0.14381
0.19823 0.14393
0.19812 0.14405
0.19792 0.14418
0.19766 0.14430
0.19735 0.14441
0.19697 0.14453
0.19653 0.14465
0.19605 0.14476
0.19550 0.14488
0.19488 0.14499
0.19420 0.14510
0.19351 0.14520
0.19274 0.14531
0.19192 0.14541
0.19103 0.14551
0.19009 0.14561
0.18909 0.14570
0.18804 0.14579
0.18694 0.14588
0.18581 0.14597
0.18462 0.14605
0.18339 0.14613
0.18214 0.14621
0.18083 0.14629
0.17952 0.14636
0.17815 0.14643
0.17678 0.14649
0.17538 0.14655
0.17389 0.14661
0.17240 0.14667
0.17091 0.14672
0.16937 0.14676
0.16782 0.14681
0.16627 0.14685
0.16467 0.14689
0.16306 0.14692
0.16141 0.14695
0.15977 0.14698
0.15813 0.14700
0.15646 0.14702
0.15480 0.14704
0.15313 0.14705
0.15146 0.14706
0.14978 0.14706
0.14811 0.14707
0.14644 0.14707
0.14478 0.14706
0.14312 0.14705
0.14146 0.14704
0.13983 0.14703
0.13821 0.14701
0.13660 0.14699
0.13501 0.14696
0.13343 0.14694
0.13188 0.14691
0.13035 0.14687
0.12885 0.14684
0.12737 0.14680
0.12592 0.14676
0.12450 0.14671
0.12310 0.14666
0.12174 0.14661
0.12042 0.14656
0.11913 0.14651
0.11788 0.14645
0.11666 0.14639
0.11549 0.14633
0.11436 0.14627
0.11327 0.14620
0.11222 0.14614
0.11122 0.14607
0.11026 0.14600
0.10934 0.14593
0.10848 0.14586
0.10766 0.14578
0.10689 0.14571
0.10617 0.14563
0.10550 0.14555
0.10488 0.14547
0.10431 0.14540
0.10380 0.14532
0.10334 0.14524
0.10292 0.14516
0.10256 0.14507
0.10226 0.14499
0.10201 0.14491
0.10181 0.14483
0.10166 0.14475
0.10157 0.14467
0.10153 0.14459
0.10154 0.14450
0.10160 0.14442
0.10172 0.14434
0.10188 0.14426
0.10210 0.14419
0.10237 0.14411
0.10270 0.14403
0.10304 0.14395
0.10347 0.14388
0.10393 0.14381
0.10443 0.14373
0.10501 0.14366
0.10559 0.14359
0.10623 0.14352
0.10692 0.14346
0.10767 0.14339
0.10843 0.14333
0.10921 0.14326
0.11004 0.14320
0.11092 0.14315
0.11182 0.14309
0.11278 0.14303
0.11374 0.14298
0.11475 0.14293
0.11577 0.14288
0.11683 0.14284
0.11797 0.14279
0.11910 0.14275
0.12023 0.14271
0.12139 0.14267
0.12258 0.14263
0.12377 0.14260
0.12501 0.14257
0.12627 0.14254
0.12751 0.14251
0.12876 0.14249
0.13005 0.14247
0.13131 0.14245
0.13261 0.14243
0.13389 0.14242
0.13518 0.14240
0.13647 0.14239
0.13777 0.14238
0.13906 0.14238
0.14034 0.14238
0.14162 0.14237
0.14289 0.14238
0.14415 0.14238
0.14540 0.14238
0.14664 0.14239
0.14786 0.14240
0.14907 0.14241
0.15027 0.14243
0.15144 0.14244
0.15260 0.14246
0.15373 0.14248
0.15484 0.14250
0.15592 0.14252
0.15697 0.14255
0.15800 0.14257
0.15900 0.14260
0.15998 0.14263
0.16092 0.14266
0.16183 0.14269
0.16270 0.14273
0.16355 0.14276
0.16436 0.14280
0.16513 0.14283
0.16586 0.14287
0.16656 0.14291
0.16722 0.14295
0.16784 0.14299
0.16842 0.14304
0.16896 0.14308
0.16946 0.14312
0.16992 0.14317
0.17034 0.14321
0.17072 0.14326
0.17105 0.14330
0.17134 0.14335
0.17159 0.14339
0.17180 0.14344
0.17196 0.14349
0.17209 0.14353
0.17217 0.14358
0.17220 0.14363
0.17220 0.14367
0.17215 0.14372
0.17206 0.14376
0.17193 0.14381
0.17176 0.14385
0.17155 0.14390
0.17131 0.14394
0.17101 0.14399
0.17069 0.14403
0.17032 0.14407
0.16992 0.14411
0.16948 0.14415
0.16901 0.14419
0.16849 0.14423
0.16797 0.14427
0.16739 0.14430
0.16678 0.14434
0.16615 0.14437
0.16548 0.14441
0.16480 0.14444
0.16408 0.14447
0.16332 0.14450
0.16256 0.14453
0.16177 0.14455
0.16094 0.14458
0.16011 0.14460
0.15928 0.14463
0.15843 0.14465
0.15753 0.14467
0.15664 0.14469
0.15574 0.14470
0.15485 0.14472
0.15393 0.14473
0.15299 0.14475
0.15206 0.14476
0.15110 0.14477
0.15015 0.14477
0.14919 0.14478
0.14821 0.14479
0.14725 0.14479
0.14628 0.14479
0.14533 0.14479
0.14437 0.14479
0.14342 0.14479
0.14247 0.14479
0.14154 0.14478
0.14062 0.14478
0.13971 0.14477
0.13881 0.14476
0.13793 0.14475
0.13706 0.14474
0.13621 0.14473
0.13539 0.14471
0.13458 0.14470
0.13378 0.14468
0.13302 0.14466
0.13227 0.14464
0.13155 0.14462
0.13086 0.14460
0.13019 0.14458
0.12955 0.14456
0.12895 0.14454
0.12837 0.14451
0.12782 0.14449
0.12730 0.14446
0.12681 0.14444
0.12637 0.14441
0.12594 0.14439
0.12556 0.14436
0.12521 0.14433
0.12489 0.14430
0.12461 0.14427
0.12437 0.14424
0.12416 0.14422
0.12400 0.14419
0.12386 0.14416
0.12377 0.14413
0.12371 0.14410
0.12369 0.14407
0.12371 0.14404
0.12376 0.14401
0.12385 0.14398
0.12398 0.14395
0.12414 0.14392
0.12434 0.14390
0.12459 0.14387
0.12486 0.14384
0.12516 0.14382
0.12551 0.14379
0.12589 0.14376
0.12630 0.14374
0.12675 0.14372
0.12723 0.14369
0.12773 0.14367
0.12827 0.14365
0.12884 0.14363
0.12944 0.14361
0.13007 0.14359
0.13073 0.14357
0.13141 0.14355
0.13212 0.14354
0.13285 0.14352
0.13360 0.14351
0.13437 0.14350
0.13517 0.14349
0.13599 0.14347
0.13682 0.14347
0.13768 0.14346
0.13854 0.14345
0.13942 0.14345
0.14031 0.14344
0.14121 0.14344
0.14212 0.14344
0.14306 0.14344
0.14397 0.14344
0.14492 0.14344
0.14584 0.14344
0.14679 0.14345
0.14775 0.14345
0.14866 0.14346
0.14961 0.14347
0.15056 0.14348
0.15152 0.14349
0.15247 0.14350
0.15342 0.14351
0.15438 0.14353
0.15530 0.14354
0.15619 0.14356
0.15708 0.14358
0.15794 0.14360
0.15878 0.14362
0.15958 0.14364
0.16040 0.14366
0.16117 0.14369
0.16191 0.14371
0.16266 0.14374
0.16336 0.14376
0.16405 0.14379
0.16470 0.14382
0.16533 0.14384
0.16592 0.14387
0.16649 0.14390
0.16703 0.14393
0.16753 0.14396
0.16799 0.14400
0.16843 0.14403
0.16883 0.14406
0.16920 0.14409
0.16952 0.14413
0.16981 0.14416
0.17006 0.14419
0.17027 0.14423
0.17045 0.14426
0.17058 0.14430
0.17067 0.14433
0.17073 0.14436
0.17074 0.14440
0.17070 0.14443
0.17063 0.14447
0.17052 0.14450
0.17037 0.14453
0.17017 0.14457
0.16993 0.14460
0.16966 0.14463
0.16934 0.14466
0.16898 0.14469
0.16858 0.14472
0.16814 0.14475
0.16766 0.14478
0.16713 0.14481
0.16657 0.14484
0.16597 0.14487
0.16533 0.14489
0.16466 0.14492
0.16395 0.14494
0.16320 0.14496
0.16242 0.14499
0.16160 0.14501
0.16076 0.14503
0.15988 0.14504
0.15897 0.14506
0.15803 0.14508
0.15705 0.14509
0.15606 0.14511
0.15504 0.14512
0.15399 0.14513
0.15292 0.14514
0.15182 0.14515
0.15070 0.14515
0.14957 0.14516
0.14841 0.14516
0.14725 0.14517
0.14606 0.14517
0.14486 0.14517
0.14365 0.14517
0.14243 0.14516
0.14120 0.14516
0.13997 0.14515
0.13873 0.14514
0.13748 0.14513
0.13624 0.14512
0.13499 0.14511
0.13374 0.14510
0.13251 0.14508
0.13125 0.14506
0.13004 0.14505
0.12879 0.14503
0.12760 0.14501
0.12639 0.14498
0.12520 0.14496
0.12401 0.14493
0.12285 0.14491
0.12172 0.14488
0.12058 0.14485
0.11946 0.14482
0.11839 0.14479
0.11736 0.14476
0.11635 0.14472
0.11533 0.14469
0.11437 0.14465
0.11341 0.14461
0.11251 0.14457
0.11162 0.14453
0.11078 0.14449
0.10999 0.14445
0.10924 0.14441
0.10854 0.14437
0.10784 0.14433
0.10719 0.14428
0.10661 0.14424
0.10605 0.14419
0.10554 0.14415
0.10509 0.14410
0.10465 0.14406
0.10429 0.14401
0.10396 0.14396
0.10370 0.14391
0.10346 0.14387
0.10329 0.14382
0.10316 0.14377
0.10308 0.14372
0.10306 0.14368
0.10308 0.14363
0.10316 0.14358
0.10328 0.14354
0.10347 0.14349
0.10370 0.14344
0.10398 0.14340
0.10432 0.14335
0.10470 0.14331
0.10514 0.14326
0.10563 0.14322
0.10618 0.14318
0.10677 0.14314
0.10741 0.14310
0.10810 0.14306
0.10884 0.14302
0.10962 0.14298
0.11045 0.14294
0.11133 0.14291
0.11226 0.14287
0.11323 0.14284
0.11424 0.14280
0.11530 0.14277
0.11640 0.14274
0.11753 0.14271
0.11872 0.14269
0.11993 0.14266
0.12118 0.14264
0.12247 0.14261
0.12379 0.14259
0.12515 0.14257
0.12653 0.14256
0.12795 0.14254
0.12939 0.14252
0.13085 0.14251
0.13235 0.14250
0.13387 0.14249
0.13540 0.14248
0.13695 0.14248
0.13851 0.14247
0.14010 0.14247
0.14171 0.14247
0.14331 0.14247
0.14493 0.14247
0.14656 0.14248
0.14821 0.14248
0.14984 0.14249
0.15147 0.14250
0.15312 0.14251
0.15475 0.14253
0.15639 0.14254
0.15801 0.14256
0.15963 0.14258
0.16124 0.14260
0.16283 0.14262
0.16443 0.14264
0.16599 0.14267
0.16754 0.14270
0.16906 0.14273
0.17055 0.14276
0.17204 0.14279
0.17350 0.14282
0.17493 0.14286
0.17633 0.14289
0.17771 0.14293
0.17905 0.14297
0.18032 0.14301
0.18158 0.14305
0.18279 0.14309
0.18398 0.14314
0.18512 0.14318
0.18623 0.14323
0.18729 0.14328
0.18831 0.14332
0.18927 0.14337
0.19017 0.14342
0.19103 0.14348
0.19182 0.14353
0.19257 0.14358
0.19330 0.14363
0.19396 0.14369
0.19456 0.14374
0.19508 0.14379
0.19558 0.14385
0.19601 0.14390
0.19637 0.14396
0.19668 0.14402
0.19694 0.14407
0.19712 0.14413
0.19726 0.14418
0.19733 0.14424
0.19733 0.14430
0.19729 0.14435
0.19716 0.14441
0.19700 0.14446
0.19675 0.14452
0.19646 0.14457
0.19609 0.14463
0.19568 0.14468
0.19519 0.14473
0.19465 0.14478
0.19406 0.14483
0.19339 0.14489
0.19268 0.14494
0.19189 0.14498
0.19107 0.14503
0.19018 0.14508
0.18924 0.14512
0.18824 0.14517
0.18718 0.14521
0.18608 0.14525
0.18492 0.14530
0.18372 0.14533
0.18247 0.14537
0.18117 0.14541
0.17982 0.14545
0.17842 0.14548
0.17700 0.14551
0.17552 0.14554
0.17401 0.14557
0.17245 0.14560
0.17087 0.14562
0.16925 0.14565
0.16760 0.14567
0.16591 0.14569
0.16420 0.14571
0.16245 0.14573
0.16069 0.14574
0.15890 0.14576
0.15711 0.14577
0.15526 0.14578
0.15342 0.14578
0.15158 0.14579
0.14969 0.14579
0.14783 0.14580
0.14592 0.14580
0.14403 0.14579
0.14214 0.14579
0.14023 0.14579
0.13832 0.14578
0.13647 0.14577
0.13457 0.14576
0.13266 0.14574
0.13076 0.14573
0.12886 0.14571
0.12701 0.14569
0.12521 0.14567
0.12342 0.14565
0.12163 0.14563
0.11984 0.14560
0.11810 0.14557
0.11637 0.14555
0.11467 0.14552
0.11300 0.14548
0.11137 0.14545
0.10976 0.14541
0.10820 0.14538
0.10668 0.14534
0.10520 0.14530
0.10377 0.14526
0.10240 0.14522
0.10108 0.14517
0.09979 0.14513
0.09852 0.14508
0.09730 0.14504
0.09616 0.14499
0.09507 0.14494
0.09404 0.14489
0.09304 0.14484
0.09211 0.14479
0.09125 0.14474
0.09044 0.14468
0.08967 0.14463
0.08898 0.14458
0.08836 0.14452
0.08778 0.14447
0.08727 0.14441
0.08684 0.14436
0.08646 0.14430
0.08613 0.14425
0.08589 0.14419
0.08571 0.14413
0.08558 0.14408
0.08554 0.14402
0.08554 0.14396
0.08562 0.14391
0.08577 0.14385
0.08597 0.14380
0.08624 0.14374
0.08659 0.14369
0.08698 0.14363
0.08744 0.14358
0.08800 0.14353
0.08857 0.14348
0.08922 0.14342
0.08996 0.14337
0.09072 0.14332
0.09155 0.14327
0.09246 0.14323
0.09341 0.14318
0.09440 0.14313
0.09547 0.14309
0.09661 0.14304
0.09777 0.14300
0.09898 0.14296
0.10026 0.14292
0.10159 0.14288
0.10298 0.14284
0.10437 0.14281
0.10581 0.14277
0.10730 0.14274
0.10885 0.14271
0.11044 0.14268
0.11207 0.14265
0.11374 0.14262
0.11545 0.14260
0.11714 0.14257
0.11887 0.14255
0.12060 0.14253
0.12238 0.14251
0.12417 0.14250
0.12596 0.14248
0.12786 0.14247
0.12976 0.14245
0.13167 0.14244
0.13358 0.14244
0.13548 0.14243
0.13739 0.14243
0.13930 0.14242
0.14121 0.14242
0.14317 0.14242
0.14509 0.14242
0.14700 0.14243
0.14891 0.14243
0.15081 0.14244
0.15271 0.14245
0.15458 0.14246
0.15645 0.14248
0.15830 0.14249
0.16013 0.14251
0.16194 0.14252
0.16373 0.14254
0.16547 0.14256
0.16722 0.14259
0.16892 0.14261
0.17059 0.14264
0.17223 0.14266
0.17383 0.14269
0.17541 0.14272
0.17692 0.14275
0.17843 0.14278
0.17987 0.14282
0.18128 0.14285
0.18263 0.14289
0.18396 0.14292
0.18521 0.14296
0.18644 0.14300
0.18759 0.14304
0.18872 0.14308
0.18977 0.14312
0.19078 0.14317
0.19173 0.14321
0.19263 0.14325
0.19346 0.14330
0.19425 0.14334
0.19496 0.14339
0.19563 0.14344
0.19623 0.14348
0.19677 0.14353
0.19725 0.14358
0.19767 0.14363
0.19802 0.14367
0.19832 0.14372
0.19854 0.14377
0.19872 0.14382
0.19881 0.14387
0.19887 0.14392
0.19884 0.14396
0.19876 0.14401
0.19862 0.14406
0.19841 0.14411
0.19815 0.14416
0.19783 0.14420
0.19743 0.14425
0.19699 0.14430
0.19649 0.14434
0.19592 0.14439
0.19528 0.14443
0.19462 0.14447
0.19389 0.14452
0.19311 0.14456
0.19226 0.14460
0.19135 0.14464
0.19039 0.14468
0.18937 0.14472
0.18830 0.14476
0.18723 0.14479
0.18612 0.14483
0.18497 0.14487
0.18372 0.14490
0.18242 0.14493
0.18111 0.14496
0.17975 0.14499
0.17838 0.14502
0.17697 0.14505
0.17554 0.14507
0.17407 0.14510
0.17257 0.14512
0.17102 0.14515
0.16947 0.14517
0.16786 0.14519
0.16625 0.14520
0.16461 0.14522
0.16296 0.14524
0.16134 0.14525
0.15967 0.14526
0.15800 0.14527
0.15631 0.14528
0.15464 0.14529
0.15293 0.14530
0.15124 0.14530
0.14955 0.14530
0.14784 0.14531
0.14616 0.14531
0.14447 0.14531
0.14279 0.14530
0.14112 0.14530
0.13947 0.14530
0.13781 0.14529
0.13618 0.14528
0.13457 0.14527
0.13298 0.14526
0.13141 0.14525
0.12985 0.14524
0.12833 0.14522
0.12683 0.14521
0.12536 0.14519
0.12392 0.14517
0.12252 0.14516
0.12114 0.14514
0.11980 0.14511
0.11849 0.14509
0.11722 0.14507
0.11599 0.14504
0.11479 0.14502
0.11365 0.14499
0.11254 0.14497
0.11148 0.14494
0.11046 0.14491
0.10949 0.14488
0.10857 0.14485
0.10769 0.14482
0.10685 0.14479
0.10607 0.14476
0.10534 0.14472
0.10466 0.14469
0.10404 0.14466
0.10346 0.14462
0.10294 0.14459
0.10247 0.14456
0.10204 0.14452
0.10168 0.14449
0.10138 0.14445
0.10112 0.14441
0.10091 0.14438
0.10076 0.14434
0.10067 0.14431
0.10062 0.14427
0.10063 0.14424
0.10070 0.14420
0.10081 0.14417
0.10099 0.14413
0.10120 0.14410
0.10147 0.14406
0.10179 0.14403
0.10217 0.14399
0.10257 0.14396
0.10304 0.14393
0.10357 0.14389
0.10412 0.14386
0.10473 0.14383
0.10540 0.14380
0.10608 0.14377
0.10680 0.14374
0.10757 0.14371
0.10840 0.14368
0.10927 0.14365
0.11017 0.14363
0.11113 0.14360
0.11210 0.14358
0.11312 0.14355
0.11414 0.14353
0.11521 0.14350
0.11629 0.14348
0.11736 0.14346
0.11853 0.14344
0.11972 0.14342
0.12091 0.14341
0.12214 0.14339
0.12339 0.14337
0.12462 0.14336
0.12587 0.14334
0.12713 0.14333
0.12844 0.14332
0.12971 0.14331
0.13102 0.14330
0.13232 0.14329
0.13363 0.14328
0.13494 0.14328
0.13626 0.14327
0.13758 0.14327
0.13889 0.14326
0.14019 0.14326
0.14150 0.14326
0.14280 0.14326
0.14408 0.14326
0.14536 0.14326
0.14662 0.14326
0.14787 0.14327
0.14910 0.14327
0.15031 0.14328
0.15151 0.14328
0.15269 0.14329
0.15384 0.14330
0.15497 0.14331
0.15608 0.14332
0.15716 0.14333
0.15822 0.14334
0.15924 0.14335
0.16023 0.14337
0.16120 0.14338
0.16214 0.14339
0.16304 0.14341
0.16390 0.14343
0.16473 0.14344
0.16553 0.14346
0.16628 0.14348
0.16700 0.14349
0.16768 0.14351
0.16833 0.14353
0.16893 0.14355
0.16949 0.14357
0.17001 0.14359
0.17049 0.14361
0.17093 0.14363
0.17132 0.14365
0.17167 0.14368
0.17198 0.14370
0.17225 0.14372
0.17248 0.14374
0.17266 0.14376
0.17279 0.14379
0.17289 0.14381
0.17294 0.14383
0.17295 0.14385
0.17291 0.14387
0.17284 0.14390
0.17272 0.14392
0.17256 0.14394
0.17236 0.14396
0.17213 0.14398
0.17185 0.14400
0.17153 0.14403
0.17117 0.14405
0.17077 0.14407
0.17035 0.14409
0.16988 0.14411
0.16937 0.14412
0.16885 0.14414
0.16828 0.14416
0.16767 0.14418
0.16704 0.14420
0.16638 0.14421
0.16569 0.14423
0.16498 0.14424
0.16421 0.14426
0.16346 0.14427
0.16268 0.14429
0.16184 0.14430
0.16100 0.14431
0.16012 0.14433
0.15929 0.14434
0.15840 0.14435
0.15751 0.14436
0.15662 0.14437
0.15572 0.14437
0.15479 0.14438
0.15384 0.14439
0.15288 0.14440
0.15193 0.14440
0.15097 0.14441
0.14995 0.14441
0.14900 0.14441
0.14801 0.14442
0.14704 0.14442
0.14606 0.14442
0.14509 0.14442
0.14412 0.14442
0.14317 0.14442
0.14221 0.14442
0.14127 0.14441
0.14035 0.14441
0.13944 0.14441
0.13853 0.14440
0.13764 0.14440
0.13677 0.14439
0.13592 0.14439
0.13509 0.14438
0.13428 0.14437
0.13349 0.14436
0.13272 0.14436
0.13199 0.14435
0.13127 0.14434
0.13059 0.14433
0.12992 0.14432
0.12928 0.14431
0.12868 0.14429
0.12811 0.14428
0.12757 0.14427
0.12705 0.14426
0.12658 0.14425
0.12614 0.14423
0.12572 0.14422
0.12535 0.14421
0.12501 0.14419
0.12471 0.14418
0.12444 0.14416
0.12420 0.14415
0.12401 0.14413
0.12385 0.14412
0.12373 0.14410
0.12364 0.14409
0.12360 0.14408
0.12359 0.14406
0.12362 0.14405
0.12368 0.14403
0.12378 0.14402
0.12392 0.14400
0.12410 0.14399
0.12431 0.14397
0.12456 0.14396
0.12484 0.14395
0.12516 0.14393
0.12552 0.14392
0.12591 0.14391
0.12633 0.14389
0.12678 0.14388
0.12727 0.14387
0.12779 0.14386
0.12834 0.14385
0.12892 0.14384
0.12952 0.14383
0.13016 0.14382
0.13082 0.14381
0.13151 0.14380
0.13222 0.14379
0.13295 0.14378
0.13371 0.14378
0.13449 0.14377
0.13530 0.14376
0.13611 0.14376
0.13694 0.14375
0.13779 0.14375
0.13867 0.14375
0.13954 0.14374
0.14043 0.14374
0.14132 0.14374
0.14224 0.14374
0.14316 0.14374
0.14408 0.14374
0.14500 0.14374
0.14596 0.14374
0.14686 0.14374
0.14780 0.14375
0.14875 0.14375
0.14971 0.14375
0.15065 0.14376
0.15154 0.14376
0.15244 0.14377
0.15333 0.14378
0.15422 0.14378
0.15507 0.14379
0.15596 0.14380
0.15684 0.14381
0.15767 0.14382
0.15848 0.14383
0.15929 0.14384
0.16007 0.14385
0.16082 0.14386
0.16158 0.14387
0.16228 0.14389
0.16298 0.14390
0.16363 0.14391
0.16428 0.14393
0.16488 0.14394
0.16545 0.14396
0.16601 0.14397
0.16653 0.14399
0.16701 0.14400
0.16745 0.14402
0.16787 0.14404
0.16825 0.14405
0.16860 0.14407
0.16891 0.14409
0.16917 0.14410
0.16941 0.14412
0.16960 0.14414
0.16975 0.14416
0.16986 0.14417
0.16994 0.14419
0.16998 0.14421
0.16997 0.14423
0.16992 0.14424
0.16984 0.14426
0.16970 0.14428
0.16954 0.14430
0.16933 0.14431
0.16908 0.14433
0.16878 0.14435
0.16845 0.14436
0.16808 0.14438
0.16766 0.14439
0.16721 0.14441
0.16672 0.14442
0.16619 0.14444
0.16561 0.14445
0.16501 0.14447
0.16436 0.14448
0.16368 0.14449
0.16296 0.14451
0.16222 0.14452
0.16143 0.14453
0.16061 0.14454
0.15976 0.14455
0.15888 0.14456
0.15797 0.14457
0.15703 0.14458
0.15606 0.14458
0.15508 0.14459
0.15406 0.14460
0.15301 0.14460
0.15195 0.14461
0.15086 0.14461
0.14975 0.14462
0.14863 0.14462
0.14749 0.14462
0.14633 0.14462
0.14516 0.14462
0.14398 0.14462
0.14280 0.14462
0.14160 0.14462
0.14039 0.14462
0.13917 0.14461
0.13795 0.14461
0.13672 0.14460
0.13551 0.14460
0.13429 0.14459
0.13305 0.14458
0.13186 0.14457
0.13064 0.14456
0.12944 0.14455
0.12825 0.14454
0.12706 0.14453
0.12589 0.14452
0.12476 0.14451
0.12363 0.14449
0.12255 0.14448
0.12147 0.14446
0.12040 0.14445
0.11933 0.14443
0.11831 0.14441
0.11730 0.14440
0.11635 0.14438
0.11540 0.14436
0.11449 0.14434
0.11359 0.14432
0.11276 0.14430
0.11195 0.14428
0.11118 0.14426
0.11040 0.14423
0.10968 0.14421
0.10900 0.14419
0.10839 0.14417
0.10777 0.14414
0.10722 0.14412
0.10672 0.14409
0.10624 0.14407
0.10584 0.14405
0.10545 0.14402
0.10513 0.14400
0.10485 0.14397
0.10462 0.14394
0.10443 0.14392
0.10429 0.14389
0.10421 0.14387
0.10418 0.14384
0.10419 0.14382
0.10425 0.14379
0.10437 0.14377
0.10454 0.14374
0.10476 0.14372
0.10503 0.14369
0.10534 0.14367
0.10571 0.14364
0.10614 0.14362
0.10661 0.14359
0.10713 0.14357
0.10770 0.14355
0.10833 0.14353
0.10900 0.14350
0.10971 0.14348
0.11048 0.14346
0.11129 0.14344
0.11215 0.14342
0.11305 0.14340
0.11399 0.14338
0.11498 0.14336
0.11602 0.14335
0.11709 0.14333
0.11820 0.14331
0.11935 0.14330
0.12054 0.14329
0.12177 0.14327
0.12303 0.14326
0.12432 0.14325
0.12565 0.14324
0.12700 0.14323
0.12838 0.14322
0.12980 0.14321
0.13123 0.14320
0.13269 0.14319
0.13418 0.14319
0.13568 0.14318
0.13720 0.14318
0.13875 0.14318
0.14031 0.14317
0.14188 0.14317
0.14346 0.14317
0.14505 0.14318
0.14665 0.14318
0.14826 0.14318
0.14986 0.14318
0.15148 0.14319
0.15309 0.14320
0.15470 0.14320
0.15629 0.14321
0.15790 0.14322
0.15947 0.14323
0.16108 0.14324
0.16264 0.14325
0.16419 0.14327
0.16570 0.14328
0.16725 0.14330
0.16878 0.14331
0.17027 0.14333
0.17176 0.14335
0.17319 0.14336
0.17456 0.14338
0.17594 0.14340
0.17731 0.14342
0.17861 0.14345
0.17987 0.14347
0.18110 0.14349
0.18230 0.14352
0.18347 0.14354
0.18460 0.14357
0.18568 0.14359
0.18673 0.14362
0.18773 0.14365
0.18868 0.14367
0.18957 0.14370
0.19041 0.14373
0.19119 0.14376
0.19192 0.14379
0.19263 0.14382
0.19328 0.14385
0.19386 0.14388
0.19437 0.14391
0.19486 0.14394
0.19529 0.14397
0.19563 0.14400
0.19593 0.14404
0.19618 0.14407
0.19634 0.14410
0.19649 0.14413
0.19654 0.14416
0.19655 0.14420
0.19648 0.14423
0.19637 0.14426
0.19618 0.14429
0.19595 0.14432
0.19564 0.14435
0.19528 0.14438
0.19485 0.14441
0.19438 0.14444
0.19382 0.14447
0.19323 0.14450
0.19257 0.14453
0.19185 0.14456
0.19108 0.14459
0.19024 0.14462
0.18937 0.14464
0.18842 0.14467
0.18743 0.14470
0.18638 0.14472
0.18527 0.14475
0.18413 0.14477
0.18293 0.14479
0.18168 0.14481
0.18039 0.14484
0.17905 0.14486
0.17767 0.14488
0.17624 0.14489
0.17477 0.14491
0.17328 0.14493
0.17172 0.14495
0.17015 0.14496
0.16853 0.14497
0.16689 0.14499
0.16522 0.14500
0.16351 0.14501
0.16179 0.14502
0.16003 0.14503
0.15826 0.14504
0.15647 0.14504
0.15464 0.14505
0.15282 0.14505
0.15097 0.14506
0.14912 0.14506
0.14725 0.14506
0.14537 0.14506
0.14351 0.14506
0.14160 0.14506
0.13972 0.14506
0.13787 0.14505
0.13596 0.14505
0.13405 0.14504
0.13220 0.14503
0.13036 0.14502
0.12851 0.14501
0.12666 0.14500
0.12481 0.14499
0.12302 0.14498
0.12126 0.14496
0.11953 0.14495
0.11781 0.14493
0.11611 0.14492
0.11444 0.14490
0.11279 0.14488
0.11118 0.14486
0.10960 0.14484
0.10805 0.14482
0.10656 0.14480
0.10510 0.14477
0.10369 0.14475
0.10233 0.14472
0.10102 0.14470
0.09975 0.14467
0.09849 0.14464
0.09729 0.14462
0.09616 0.14459
0.09509 0.14456
0.09408 0.14453
0.09310 0.14450
0.09217 0.14447
0.09132 0.14444
0.09053 0.14441
0.08979 0.14438
0.08910 0.14434
0.08849 0.14431
0.08794 0.14428
0.08743 0.14425
0.08700 0.14421
0.08665 0.14418
0.08633 0.14415
0.08610 0.14411
0.08594 0.14408
0.08581 0.14405
0.08578 0.14401
0.08580 0.14398
0.08588 0.14395
0.08604 0.14391
0.08626 0.14388
0.08654 0.14385
0.08690 0.14381
0.08731 0.14378
0.08777 0.14375
0.08833 0.14372
0.08892 0.14369
0.08958 0.14366
0.09032 0.14363
0.09109 0.14360
0.09194 0.14357
0.09286 0.14354
0.09381 0.14351
0.09481 0.14348
0.09590 0.14345
0.09704 0.14343
0.09820 0.14340
0.09942 0.14338
0.10072 0.14335
0.10206 0.14333
0.10341 0.14331
0.10482 0.14328
0.10629 0.14326
0.10781 0.14324
0.10938 0.14322
0.11094 0.14321
0.11255 0.14319
0.11419 0.14317
0.11586 0.14316
0.11759 0.14314
0.11933 0.14313
0.12112 0.14312
0.12290 0.14310
0.12475 0.14309
0.12660 0.14309
0.12845 0.14308
0.13033 0.14307
0.13224 0.14306
0.13415 0.14306
0.13605 0.14305
0.13796 0.14305
0.13987 0.14305
0.14181 0.14305
0.14378 0.14305
0.14569 0.14305
0.14760 0.14305
0.14950 0.14306
0.15140 0.14306
0.15331 0.14307
0.15519 0.14307
0.15704 0.14308
0.15890 0.14309
0.16074 0.14310
0.16253 0.14311
0.16432 0.14312
0.16609 0.14314
0.16780 0.14315
0.16952 0.14316
0.17119 0.14318
0.17283 0.14320
0.17444 0.14321
0.17599 0.14323
0.17752 0.14325
0.17900 0.14327
0.18045 0.14329
0.18185 0.14331
0.18321 0.14334
0.18451 0.14336
0.18578 0.14338
0.18699 0.14341
0.18815 0.14343
0.18926 0.14346
0.19032 0.14348
0.19131 0.14351
0.19226 0.14353
0.19314 0.14356
0.19398 0.14359
0.19475 0.14362
0.19546 0.14365
0.19611 0.14368
0.19671 0.14370
0.19724 0.14373
0.19771 0.14376
0.19812 0.14379
0.19846 0.14382
0.19875 0.14385
0.19896 0.14388
0.19913 0.14391
0.19922 0.14394
0.19926 0.14397
0.19923 0.14400
0.19913 0.14403
0.19898 0.14406
0.19876 0.14409
0.19848 0.14412
0.19815 0.14415
0.19774 0.14418
0.19727 0.14421
0.19676 0.14424
0.19619 0.14427
0.19554 0.14430
0.19483 0.14432
0.19410 0.14435
0.19331 0.14438
0.19245 0.14440
0.19154 0.14443
0.19056 0.14445
0.18953 0.14448
0.18845 0.14450
0.18732 0.14452
0.18614 0.14455
0.18491 0.14457
0.18366 0.14459
0.18234 0.14461
0.18101 0.14463
0.17964 0.14465
0.17825 0.14467
0.17682 0.14468
0.17539 0.14470
0.17389 0.14472
0.17234 0.14473
0.17079 0.14475
0.16924 0.14476
0.16765 0.14477
0.16604 0.14478
0.16443 0.14479
0.16276 0.14480
0.16109 0.14481
0.15939 0.14482
0.15772 0.14483
0.15602 0.14483
0.15430 0.14484
0.15260 0.14484
0.15088 0.14484
0.14917 0.14485
0.14747 0.14485
0.14574 0.14485
0.14404 0.14485
0.14236 0.14485
0.14066 0.14484
0.13899 0.14484
0.13733 0.14484
0.13568 0.14483
0.13405 0.14483
0.13244 0.14482
0.13085 0.14481
0.12929 0.14480
0.12774 0.14480
0.12623 0.14479
0.12474 0.14478
0.12329 0.14476
0.12187 0.14475
0.12048 0.14474
0.11912 0.14473
0.11780 0.14471
0.11652 0.14470
0.11527 0.14468
0.11407 0.14466
0.11291 0.14465
0.11179 0.14463
0.11072 0.14461
0.10969 0.14459
0.10871 0.14458
0.10777 0.14456
0.10688 0.14454
0.10604 0.14452
0.10526 0.14450
0.10452 0.14447
0.10384 0.14445
0.10320 0.14443
0.10262 0.14441
0.10209 0.14439
0.10162 0.14437
0.10120 0.14434
0.10082 0.14432
0.10051 0.14430
0.10025 0.14427
0.10005 0.14425
0.09989 0.14423
0.09980 0.14420
0.09976 0.14418
0.09976 0.14416
0.09984 0.14414
0.09995 0.14411
0.10012 0.14409
0.10034 0.14407
0.10062 0.14404
0.10094 0.14402
0.10133 0.14400
0.10174 0.14398
0.10223 0.14396
0.10275 0.14394
0.10331 0.14391
0.10394 0.14389
0.10462 0.14387
0.10530 0.14385
0.10604 0.14383
0.10683 0.14381
0.10766 0.14380
0.10855 0.14378
0.10948 0.14376
0.11043 0.14374
0.11144 0.14373
0.11245 0.14371
0.11352 0.14369
0.11459 0.14368
0.11567 0.14367
0.11680 0.14365
0.11799 0.14364
0.11918 0.14363
0.12037 0.14361
0.12160 0.14360
0.12285 0.14359
0.12411 0.14358
0.12542 0.14357
0.12670 0.14356
0.12801 0.14356
0.12933 0.14355
0.13065 0.14354
0.13200 0.14354
0.13331 0.14353
0.13466 0.14353
0.13602 0.14352
0.13735 0.14352
0.13868 0.14352
0.14002 0.14352
0.14136 0.14351
0.14268 0.14351
0.14400 0.14351
0.14530 0.14352
0.14660 0.14352
0.14788 0.14352
0.14914 0.14352
0.15038 0.14353
0.15161 0.14353
0.15282 0.14353
0.15401 0.14354
0.15516 0.14355
0.15630 0.14355
0.15741 0.14356
0.15850 0.14357
0.15956 0.14357
0.16058 0.14358
0.16158 0.14359
0.16254 0.14360
0.16347 0.14361
0.16437 0.14362
0.16523 0.14363
0.16605 0.14364
0.16683 0.14366
0.16759 0.14367
0.16830 0.14368
0.16897 0.14369
0.16959 0.14371
0.17018 0.14372
0.17073 0.14373
0.17124 0.14375
0.17170 0.14376
0.17212 0.14377
0.17250 0.14379
