QEq 0.07177
0.07178 0.07178
0.07180 0.07179
0.07184 0.07180
0.07189 0.07182
0.07195 0.07185
0.07204 0.07188
0.07214 0.07192
0.07225 0.07196
0.07237 0.07200
0.07252 0.07206
0.07267 0.07211
0.07284 0.07217
0.07302 0.07224
0.07322 0.07231
0.07343 0.07238
0.07366 0.07246
0.07390 0.07255
0.07415 0.07264
0.07442 0.07273
0.07470 0.07283
0.07499 0.07293
0.07530 0.07304
0.07561 0.07315
0.07594 0.07327
0.07628 0.07339
0.07664 0.07351
0.07700 0.07364
0.07737 0.07378
0.07776 0.07391
0.07815 0.07405
0.07856 0.07420
0.07898 0.07435
0.07940 0.07450
0.07984 0.07466
0.08028 0.07482
0.08072 0.07498
0.08119 0.07515
0.08166 0.07532
0.08213 0.07550
0.08262 0.07567
0.08311 0.07586
0.08359 0.07604
0.08410 0.07623
0.08461 0.07642
0.08511 0.07661
0.08563 0.07681
0.08617 0.07701
0.08666 0.07721
0.08720 0.07741
0.08774 0.07762
0.08827 0.07783
0.08881 0.07804
0.08935 0.07825
0.08988 0.07847
0.09044 0.07868
0.09098 0.07890
0.09152 0.07913
0.09206 0.07935
0.09261 0.07957
0.09315 0.07980
0.09369 0.08003
0.09423 0.08026
0.09477 0.08049
0.09531 0.08072
0.09584 0.08095
0.09637 0.08118
0.09690 0.08142
0.09742 0.08165
0.09794 0.08189
0.09846 0.08213
0.09896 0.08236
0.09948 0.08260
0.09997 0.08284
0.10047 0.08308
0.10095 0.08332
0.10143 0.08356
0.10191 0.08379
0.10238 0.08403
0.10284 0.08427
0.10329 0.08451
0.10373 0.08474
0.10417 0.08498
0.10459 0.08522
0.10501 0.08545
0.10542 0.08569
0.10582 0.08592
0.10621 0.08616
0.10659 0.08639
0.10696 0.08662
0.10732 0.08685
0.10767 0.08708
0.10801 0.08731
0.10834 0.08753
0.10865 0.08776
0.10896 0.08798
0.10925 0.08820
0.10954 0.08842
0.10981 0.08864
0.11007 0.08886
0.11031 0.08907
0.11055 0.08928
0.11077 0.08949
0.11099 0.08970
0.11119 0.08991
0.11138 0.09011
0.11155 0.09032
0.11172 0.09052
0.11186 0.09071
0.11200 0.09091
0.11213 0.09110
0.11224 0.09129
0.11235 0.09148
0.11243 0.09167
0.11251 0.09185
0.11258 0.09203
0.11263 0.09221
0.11267 0.09238
0.11270 0.09255
0.11272 0.09272
0.11272 0.09289
0.11272 0.09305
0.11270 0.09321
0.11267 0.09337
0.11263 0.09353
0.11258 0.09368
0.11252 0.09383
0.11245 0.09398
0.11236 0.09412
0.11226 0.09426
0.11216 0.09440
0.11205 0.09453
0.11193 0.09466
0.11179 0.09479
0.11165 0.09492
0.11149 0.09504
0.11134 0.09516
0.11116 0.09528
0.11099 0.09539
0.11080 0.09550
0.11061 0.09561
0.11041 0.09572
0.11020 0.09582
0.10998 0.09592
0.10975 0.09601
0.10952 0.09611
0.10928 0.09620
0.10905 0.09628
0.10880 0.09637
0.10854 0.09645
0.10830 0.09653
0.10806 0.09661
0.10776 0.09668
0.10746 0.09675
0.10716 0.09682
0.10687 0.09688
0.10659 0.09694
0.10632 0.09700
0.10603 0.09706
0.10574 0.09712
0.10545 0.09717
0.10516 0.09722
0.10486 0.09726
0.10456 0.09731
0.10427 0.09735
0.10397 0.09739
0.10367 0.09743
0.10338 0.09747
0.10308 0.09750
0.10279 0.09753
0.10249 0.09756
0.10220 0.09759
0.10191 0.09761
0.10162 0.09763
0.10133 0.09766
0.10105 0.09768
0.10077 0.09769
0.10049 0.09771
0.10021 0.09772
0.09994 0.09773
0.09967 0.09775
0.09941 0.09775
0.09915 0.09776
0.09889 0.09777
0.09864 0.09777
0.09840 0.09778
0.09816 0.09778
0.09792 0.09778
0.09769 0.09778
0.09747 0.09778
0.09725 0.09777
0.09704 0.09777
0.09683 0.09777
0.09664 0.09776
0.09644 0.09775
0.09626 0.09775
0.09608 0.09774
0.09590 0.09773
0.09574 0.09772
0.09558 0.09771
0.09543 0.09770
0.09529 0.09768
0.09515 0.09767
0.09502 0.09766
0.09490 0.09764
0.09479 0.09763
0.09468 0.09762
0.09458 0.09760
0.09449 0.09759
0.09440 0.09757
0.09433 0.09756
0.09426 0.09754
0.09419 0.09752
0.09414 0.09751
0.09409 0.09749
0.09406 0.09748
0.09402 0.09746
0.09400 0.09744
0.09398 0.09743
0.09397 0.09741
0.09397 0.09740
0.09397 0.09738
0.09398 0.09737
0.09400 0.09735
0.09403 0.09734
0.09406 0.09732
0.09409 0.09731
0.09413 0.09729
0.09418 0.09728
0.09424 0.09727
0.09430 0.09725
0.09437 0.09724
0.09444 0.09723
0.09451 0.09722
0.09460 0.09721
0.09468 0.09720
0.09477 0.09719
0.09487 0.09718
0.09497 0.09717
0.09507 0.09716
0.09517 0.09715
0.09529 0.09714
0.09540 0.09713
0.09552 0.09713
0.09564 0.09712
0.09576 0.09712
0.09588 0.09711
0.09600 0.09711
0.09614 0.09710
0.09626 0.09710
0.09640 0.09710
0.09651 0.09709
0.09667 0.09709
0.09680 0.09709
0.09692 0.09709
0.09704 0.09709
0.09716 0.09709
0.09728 0.09709
0.09740 0.09709
0.09755 0.09709
0.09767 0.09710
0.09779 0.09710
0.09792 0.09710
0.09805 0.09711
0.09817 0.09711
0.09828 0.09711
0.09839 0.09712
0.09850 0.09712
0.09861 0.09713
0.09871 0.09714
0.09881 0.09714
0.09891 0.09715
0.09901 0.09716
0.09909 0.09716
0.09917 0.09717
0.09925 0.09718
0.09932 0.09719
0.09938 0.09719
0.09945 0.09720
0.09950 0.09721
0.09955 0.09722
0.09959 0.09723
0.09963 0.09723
0.09966 0.09724
0.09968 0.09725
0.09970 0.09726
0.09970 0.09727
0.09971 0.09728
0.09970 0.09729
0.09969 0.09729
0.09966 0.09730
0.09964 0.09731
0.09960 0.09732
0.09956 0.09733
0.09951 0.09733
0.09945 0.09734
0.09938 0.09735
0.09931 0.09735
0.09922 0.09736
0.09914 0.09737
0.09903 0.09737
0.09893 0.09738
0.09881 0.09738
0.09869 0.09739
0.09856 0.09739
0.09842 0.09739
0.09827 0.09740
0.09811 0.09740
0.09795 0.09740
0.09778 0.09740
0.09760 0.09740
0.09741 0.09740
0.09722 0.09740
0.09702 0.09740
0.09681 0.09740
0.09659 0.09740
0.09637 0.09739
0.09614 0.09739
0.09590 0.09738
0.09566 0.09738
0.09540 0.09737
0.09515 0.09737
0.09488 0.09736
0.09461 0.09735
0.09434 0.09734
0.09406 0.09733
0.09377 0.09732
0.09348 0.09731
0.09318 0.09729
0.09288 0.09728
0.09258 0.09727
0.09227 0.09725
0.09195 0.09724
0.09163 0.09722
0.09131 0.09720
0.09099 0.09718
0.09066 0.09716
0.09033 0.09714
0.09000 0.09712
0.08966 0.09710
0.08932 0.09708
0.08899 0.09705
0.08865 0.09703
0.08831 0.09700
0.08796 0.09698
0.08762 0.09695
0.08728 0.09692
0.08694 0.09689
0.08661 0.09686
0.08626 0.09683
0.08592 0.09680
0.08560 0.09677
0.08525 0.09674
0.08493 0.09670
0.08461 0.09667
0.08426 0.09664
0.08391 0.09660
0.08361 0.09656
0.08331 0.09653
0.08301 0.09649
0.08270 0.09645
0.08239 0.09641
0.08209 0.09637
0.08180 0.09633
0.08152 0.09629
0.08124 0.09625
0.08096 0.09621
0.08071 0.09617
0.08045 0.09612
0.08019 0.09608
0.07995 0.09604
0.07971 0.09599
0.07949 0.09595
0.07927 0.09590
0.07906 0.09586
0.07886 0.09581
0.07867 0.09577
0.07849 0.09572
0.07832 0.09568
0.07815 0.09563
0.07800 0.09558
0.07786 0.09554
0.07773 0.09549
0.07761 0.09544
0.07750 0.09540
0.07741 0.09535
0.07732 0.09530
0.07725 0.09526
0.07718 0.09521
0.07713 0.09516
0.07710 0.09512
0.07707 0.09507
0.07705 0.09502
0.07705 0.09498
0.07706 0.09493
0.07709 0.09489
0.07712 0.09484
0.07718 0.09480
0.07724 0.09475
0.07731 0.09471
0.07740 0.09467
0.07750 0.09462
0.07762 0.09458
0.07774 0.09454
0.07788 0.09450
0.07804 0.09446
0.07820 0.09442
0.07838 0.09438
0.07857 0.09434
0.07878 0.09430
0.07899 0.09427
0.07922 0.09423
0.07947 0.09419
0.07972 0.09416
0.07999 0.09412
0.08027 0.09409
0.08056 0.09406
0.08086 0.09403
0.08118 0.09400
0.08151 0.09397
0.08185 0.09394
0.08220 0.09391
0.08256 0.09388
0.08293 0.09386
0.08331 0.09383
0.08371 0.09381
0.08411 0.09378
0.08452 0.09376
0.08494 0.09374
0.08538 0.09372
0.08582 0.09370
0.08627 0.09369
0.08673 0.09367
0.08720 0.09366
0.08767 0.09364
0.08816 0.09363
0.08865 0.09362
0.08914 0.09361
0.08965 0.09360
0.09016 0.09359
0.09068 0.09358
0.09120 0.09358
0.09173 0.09357
0.09226 0.09357
0.09280 0.09357
0.09334 0.09357
0.09388 0.09357
0.09443 0.09357
0.09499 0.09358
0.09555 0.09358
0.09609 0.09359
0.09665 0.09359
0.09722 0.09360
0.09777 0.09361
0.09835 0.09362
0.09889 0.09363
0.09947 0.09364
0.10006 0.09366
0.10060 0.09367
0.10114 0.09369
0.10167 0.09371
0.10221 0.09373
0.10275 0.09375
0.10334 0.09377
0.10388 0.09379
0.10441 0.09381
0.10496 0.09383
0.10550 0.09386
0.10603 0.09389
0.10655 0.09391
0.10706 0.09394
0.10758 0.09397
0.10809 0.09400
0.10859 0.09403
0.10908 0.09406
0.10957 0.09409
0.11005 0.09413
0.11052 0.09416
0.11098 0.09420
0.11143 0.09423
0.11188 0.09427
0.11230 0.09431
0.11273 0.09435
0.11314 0.09438
0.11355 0.09442
0.11394 0.09446
0.11432 0.09451
0.11469 0.09455
0.11505 0.09459
0.11539 0.09463
0.11573 0.09467
0.11605 0.09472
0.11636 0.09476
0.11666 0.09481
0.11694 0.09485
0.11721 0.09490
0.11747 0.09494
0.11771 0.09499
0.11794 0.09503
0.11816 0.09508
0.11836 0.09513
0.11855 0.09517
0.11872 0.09522
0.11888 0.09527
0.11903 0.09531
0.11916 0.09536
0.11927 0.09541
0.11937 0.09546
0.11946 0.09550
0.11953 0.09555
0.11958 0.09560
0.11962 0.09565
0.11965 0.09569
0.11966 0.09574
0.11965 0.09579
0.11963 0.09583
0.11960 0.09588
0.11955 0.09592
0.11949 0.09597
0.11941 0.09601
0.11932 0.09606
0.11921 0.09610
0.11909 0.09615
0.11895 0.09619
0.11880 0.09623
0.11864 0.09628
0.11846 0.09632
0.11827 0.09636
0.11806 0.09640
0.11784 0.09644
0.11761 0.09648
0.11736 0.09652
0.11710 0.09656
0.11683 0.09660
0.11655 0.09664
0.11625 0.09667
0.11595 0.09671
0.11562 0.09674
0.11530 0.09678
0.11496 0.09681
0.11460 0.09684
0.11424 0.09688
0.11387 0.09691
0.11348 0.09694
0.11310 0.09697
0.11269 0.09700
0.11228 0.09703
0.11186 0.09705
0.11144 0.09708
0.11101 0.09710
0.11056 0.09713
0.11011 0.09715
0.10964 0.09717
0.10919 0.09720
0.10872 0.09722
0.10824 0.09724
0.10775 0.09726
0.10727 0.09727
0.10679 0.09729
0.10629 0.09731
0.10575 0.09732
0.10522 0.09734
0.10468 0.09735
0.10415 0.09736
0.10361 0.09737
0.10311 0.09738
0.10261 0.09739
0.10207 0.09740
0.10158 0.09741
0.10104 0.09741
0.10053 0.09742
0.10002 0.09742
0.09951 0.09743
0.09899 0.09743
0.09847 0.09743
0.09796 0.09743
0.09746 0.09743
0.09695 0.09743
0.09644 0.09743
0.09594 0.09743
0.09545 0.09742
0.09495 0.09742
0.09447 0.09741
0.09398 0.09741
0.09350 0.09740
0.09303 0.09739
0.09257 0.09739
0.09211 0.09738
0.09165 0.09737
0.09120 0.09736
0.09076 0.09735
0.09033 0.09733
0.08990 0.09732
0.08948 0.09731
0.08907 0.09729
0.08867 0.09728
0.08827 0.09727
0.08789 0.09725
0.08751 0.09723
0.08715 0.09722
0.08679 0.09720
0.08644 0.09718
0.08610 0.09716
0.08578 0.09714
0.08546 0.09712
0.08515 0.09710
0.08485 0.09708
0.08457 0.09706
0.08429 0.09704
0.08403 0.09702
0.08377 0.09700
0.08353 0.09698
0.08330 0.09696
0.08308 0.09693
0.08287 0.09691
0.08267 0.09689
0.08249 0.09686
0.08231 0.09684
0.08215 0.09682
0.08200 0.09679
0.08186 0.09677
0.08173 0.09674
0.08161 0.09672
0.08151 0.09669
0.08141 0.09667
0.08133 0.09665
0.08126 0.09662
0.08120 0.09660
0.08115 0.09657
0.08111 0.09655
0.08109 0.09652
0.08107 0.09650
0.08107 0.09647
0.08107 0.09645
0.08109 0.09643
0.08112 0.09640
0.08116 0.09638
0.08121 0.09635
0.08126 0.09633
0.08133 0.09631
0.08141 0.09628
0.08150 0.09626
0.08159 0.09624
0.08169 0.09621
0.08181 0.09619
0.08194 0.09617
0.08206 0.09615
0.08220 0.09613
0.08235 0.09611
0.08251 0.09608
0.08267 0.09606
0.08284 0.09604
0.08301 0.09602
0.08319 0.09600
0.08339 0.09598
0.08357 0.09597
0.08378 0.09595
0.08399 0.09593
0.08420 0.09591
0.08441 0.09589
0.08465 0.09588
0.08488 0.09586
0.08507 0.09584
0.08530 0.09583
0.08554 0.09581
0.08580 0.09580
0.08603 0.09578
0.08627 0.09577
0.08651 0.09575
0.08678 0.09574
0.08702 0.09573
0.08728 0.09572
0.08753 0.09570
0.08778 0.09569
0.08804 0.09568
0.08830 0.09567
0.08856 0.09566
0.08881 0.09565
0.08906 0.09564
0.08932 0.09563
0.08958 0.09562
0.08983 0.09561
0.09007 0.09560
0.09032 0.09560
0.09057 0.09559
0.09081 0.09558
0.09105 0.09558
0.09129 0.09557
0.09152 0.09556
0.09175 0.09556
0.09198 0.09555
0.09220 0.09555
0.09242 0.09554
0.09263 0.09554
0.09284 0.09554
0.09305 0.09553
0.09325 0.09553
0.09344 0.09553
0.09363 0.09552
0.09381 0.09552
0.09399 0.09552
0.09416 0.09552
0.09433 0.09551
0.09449 0.09551
0.09464 0.09551
0.09479 0.09551
0.09493 0.09551
0.09506 0.09551
0.09519 0.09551
0.09531 0.09551
0.09542 0.09551
0.09553 0.09551
0.09563 0.09551
0.09571 0.09551
0.09580 0.09551
0.09588 0.09551
0.09595 0.09551
0.09601 0.09551
0.09607 0.09551
0.09612 0.09551
0.09616 0.09551
0.09619 0.09551
0.09622 0.09552
0.09624 0.09552
0.09625 0.09552
0.09626 0.09552
0.09626 0.09552
0.09625 0.09552
0.09624 0.09552
0.09621 0.09552
0.09618 0.09552
0.09615 0.09552
0.09611 0.09552
0.09606 0.09553
0.09601 0.09553
0.09595 0.09553
0.09589 0.09553
0.09581 0.09553
0.09574 0.09553
0.09566 0.09553
0.09557 0.09553
0.09548 0.09553
0.09539 0.09553
0.09528 0.09553
0.09518 0.09553
0.09507 0.09553
0.09496 0.09553
0.09484 0.09552
0.09472 0.09552
0.09460 0.09552
0.09447 0.09552
0.09433 0.09552
0.09420 0.09552
0.09407 0.09552
0.09393 0.09551
0.09379 0.09551
0.09366 0.09551
0.09351 0.09551
0.09336 0.09550
0.09324 0.09550
0.09307 0.09550
0.09295 0.09549
0.09280 0.09549
0.09262 0.09549
0.09249 0.09548
0.09237 0.09548
0.09225 0.09547
0.09213 0.09547
0.09202 0.09547
0.09184 0.09546
0.09171 0.09546
0.09159 0.09545
0.09145 0.09545
0.09133 0.09544
0.09120 0.09544
0.09108 0.09543
0.09096 0.09542
0.09084 0.09542
0.09073 0.09541
0.09063 0.09541
0.09054 0.09540
0.09044 0.09539
0.09035 0.09539
0.09026 0.09538
0.09019 0.09537
0.09011 0.09537
0.09005 0.09536
0.08998 0.09535
0.08993 0.09535
0.08988 0.09534
0.08984 0.09533
0.08980 0.09533
0.08978 0.09532
0.08976 0.09531
0.08974 0.09530
0.08974 0.09530
0.08974 0.09529
0.08975 0.09528
0.08977 0.09528
0.08979 0.09527
0.08983 0.09526
0.08987 0.09526
0.08992 0.09525
0.08998 0.09524
0.09005 0.09524
0.09012 0.09523
0.09021 0.09522
0.09030 0.09522
0.09040 0.09521
0.09051 0.09521
0.09063 0.09520
0.09076 0.09519
0.09090 0.09519
0.09104 0.09518
0.09120 0.09518
0.09136 0.09517
0.09153 0.09517
0.09171 0.09517
0.09190 0.09516
0.09210 0.09516
0.09230 0.09515
0.09252 0.09515
0.09274 0.09515
0.09297 0.09515
0.09321 0.09514
0.09345 0.09514
0.09371 0.09514
0.09397 0.09514
0.09423 0.09514
0.09451 0.09514
0.09479 0.09514
0.09509 0.09514
0.09538 0.09514
0.09569 0.09514
0.09600 0.09514
0.09631 0.09514
0.09663 0.09514
0.09696 0.09514
0.09729 0.09515
0.09763 0.09515
0.09797 0.09515
0.09832 0.09516
0.09867 0.09516
0.09903 0.09517
0.09938 0.09517
0.09975 0.09518
0.10012 0.09518
0.10048 0.09519
0.10086 0.09519
0.10123 0.09520
0.10161 0.09521
0.10198 0.09522
0.10237 0.09523
0.10275 0.09523
0.10314 0.09524
0.10352 0.09525
0.10390 0.09526
0.10428 0.09527
0.10466 0.09528
0.10504 0.09530
0.10543 0.09531
0.10579 0.09532
0.10618 0.09533
0.10654 0.09535
0.10694 0.09536
0.10730 0.09537
0.10765 0.09539
0.10801 0.09540
0.10837 0.09542
0.10873 0.09543
0.10909 0.09545
0.10944 0.09546
0.10975 0.09548
0.11010 0.09550
0.11043 0.09551
0.11075 0.09553
0.11106 0.09555
0.11137 0.09557
0.11167 0.09559
0.11196 0.09560
0.11225 0.09562
0.11253 0.09564
0.11280 0.09566
0.11306 0.09568
0.11331 0.09570
0.11355 0.09572
0.11379 0.09574
0.11401 0.09576
0.11423 0.09578
0.11443 0.09580
0.11462 0.09583
0.11480 0.09585
0.11497 0.09587
0.11513 0.09589
0.11528 0.09591
0.11542 0.09593
0.11554 0.09595
0.11566 0.09598
0.11576 0.09600
0.11584 0.09602
0.11592 0.09604
0.11598 0.09607
0.11603 0.09609
0.11607 0.09611
0.11610 0.09613
0.11611 0.09615
0.11611 0.09618
0.11609 0.09620
0.11606 0.09622
0.11602 0.09624
0.11597 0.09626
0.11590 0.09628
0.11582 0.09631
0.11572 0.09633
0.11561 0.09635
0.11549 0.09637
0.11535 0.09639
0.11520 0.09641
0.11504 0.09643
0.11486 0.09645
0.11467 0.09647
0.11447 0.09649
0.11425 0.09651
0.11402 0.09653
0.11377 0.09655
0.11352 0.09657
0.11325 0.09658
0.11297 0.09660
0.11267 0.09662
0.11237 0.09664
0.11205 0.09665
0.11171 0.09667
0.11137 0.09668
0.11102 0.09670
0.11065 0.09671
0.11027 0.09673
0.10989 0.09674
0.10949 0.09676
0.10908 0.09677
0.10866 0.09678
0.10823 0.09679
0.10779 0.09681
0.10735 0.09682
0.10689 0.09683
0.10642 0.09684
0.10594 0.09685
0.10546 0.09686
0.10497 0.09687
0.10447 0.09687
0.10396 0.09688
0.10345 0.09689
0.10293 0.09689
0.10241 0.09690
0.10187 0.09691
0.10134 0.09691
0.10079 0.09691
0.10024 0.09692
0.09969 0.09692
0.09914 0.09692
0.09858 0.09692
0.09803 0.09693
0.09745 0.09693
0.09688 0.09693
0.09633 0.09693
0.09574 0.09692
0.09518 0.09692
0.09461 0.09692
0.09401 0.09692
0.09342 0.09691
0.09287 0.09691
0.09234 0.09690
0.09180 0.09690
0.09122 0.09689
0.09062 0.09689
0.09006 0.09688
0.08952 0.09687
0.08894 0.09686
0.08840 0.09686
0.08784 0.09685
0.08729 0.09684
0.08675 0.09683
0.08622 0.09682
0.08568 0.09680
0.08516 0.09679
0.08464 0.09678
0.08414 0.09677
0.08364 0.09675
0.08313 0.09674
0.08264 0.09673
0.08216 0.09671
0.08169 0.09670
0.08123 0.09668
0.08077 0.09666
0.08033 0.09665
0.07990 0.09663
0.07947 0.09661
0.07906 0.09660
0.07866 0.09658
0.07827 0.09656
0.07789 0.09654
0.07752 0.09652
0.07716 0.09650
0.07681 0.09648
0.07648 0.09646
0.07616 0.09644
0.07585 0.09642
0.07555 0.09640
0.07527 0.09638
0.07500 0.09636
0.07475 0.09634
0.07451 0.09632
0.07428 0.09629
0.07406 0.09627
0.07386 0.09625
0.07368 0.09623
0.07351 0.09621
0.07335 0.09618
0.07321 0.09616
0.07308 0.09614
0.07296 0.09612
0.07287 0.09609
0.07278 0.09607
0.07271 0.09605
0.07266 0.09602
0.07262 0.09600
0.07259 0.09598
0.07258 0.09596
0.07259 0.09593
0.07260 0.09591
0.07264 0.09589
0.07269 0.09586
0.07275 0.09584
0.07282 0.09582
0.07292 0.09580
0.07302 0.09578
0.07314 0.09575
0.07327 0.09573
0.07342 0.09571
0.07358 0.09569
0.07375 0.09567
0.07394 0.09565
0.07414 0.09563
0.07435 0.09561
0.07458 0.09559
0.07482 0.09557
0.07507 0.09555
0.07533 0.09553
0.07561 0.09551
0.07589 0.09549
0.07619 0.09547
0.07650 0.09545
0.07681 0.09544
0.07715 0.09542
0.07748 0.09540
0.07783 0.09538
0.07819 0.09537
0.07856 0.09535
0.07894 0.09534
0.07933 0.09532
0.07972 0.09531
0.08012 0.09529
0.08053 0.09528
0.08095 0.09526
0.08137 0.09525
0.08180 0.09524
0.08225 0.09523
0.08267 0.09522
0.08313 0.09520
0.08361 0.09519
0.08403 0.09518
0.08448 0.09517
0.08495 0.09516
0.08543 0.09515
0.08591 0.09515
0.08639 0.09514
0.08686 0.09513
0.08734 0.09512
0.08783 0.09512
0.08831 0.09511
0.08880 0.09510
0.08928 0.09510
0.08977 0.09509
0.09026 0.09509
0.09074 0.09508
0.09123 0.09508
0.09171 0.09508
0.09219 0.09508
0.09267 0.09507
0.09315 0.09507
0.09363 0.09507
0.09410 0.09507
0.09457 0.09507
0.09503 0.09507
0.09550 0.09507
0.09595 0.09507
0.09640 0.09507
0.09685 0.09507
0.09730 0.09507
0.09774 0.09508
0.09817 0.09508
0.09859 0.09508
0.09901 0.09509
0.09942 0.09509
0.09983 0.09509
0.10023 0.09510
0.10062 0.09510
0.10100 0.09511
0.10137 0.09512
0.10174 0.09512
0.10210 0.09513
0.10244 0.09513
0.10279 0.09514
0.10312 0.09515
0.10344 0.09516
0.10375 0.09516
0.10406 0.09517
0.10435 0.09518
0.10463 0.09519
0.10491 0.09520
0.10517 0.09521
0.10543 0.09521
0.10567 0.09522
0.10591 0.09523
0.10613 0.09524
0.10634 0.09525
0.10654 0.09526
0.10673 0.09527
0.10691 0.09528
0.10708 0.09529
0.10724 0.09530
0.10739 0.09532
0.10753 0.09533
0.10765 0.09534
0.10777 0.09535
0.10787 0.09536
0.10797 0.09537
0.10805 0.09538
0.10812 0.09539
0.10819 0.09540
0.10824 0.09542
0.10828 0.09543
0.10831 0.09544
0.10833 0.09545
0.10834 0.09546
0.10835 0.09547
0.10834 0.09548
0.10832 0.09549
0.10829 0.09551
0.10825 0.09552
0.10821 0.09553
0.10815 0.09554
0.10809 0.09555
0.10802 0.09556
0.10793 0.09557
0.10785 0.09558
0.10775 0.09559
0.10765 0.09560
0.10753 0.09561
0.10742 0.09562
0.10729 0.09563
0.10715 0.09564
0.10701 0.09565
0.10687 0.09566
0.10672 0.09567
0.10656 0.09568
0.10639 0.09569
0.10622 0.09570
0.10605 0.09571
0.10587 0.09572
0.10569 0.09573
0.10549 0.09573
0.10531 0.09574
0.10513 0.09575
0.10495 0.09576
0.10477 0.09577
0.10459 0.09577
0.10441 0.09578
0.10423 0.09579
0.10399 0.09579
0.10378 0.09580
0.10357 0.09581
0.10335 0.09581
0.10313 0.09582
0.10292 0.09583
0.10270 0.09583
0.10248 0.09584
0.10226 0.09584
0.10205 0.09585
0.10183 0.09585
0.10162 0.09586
0.10140 0.09586
0.10119 0.09587
0.10098 0.09587
0.10076 0.09588
0.10056 0.09588
0.10036 0.09588
0.10016 0.09589
0.09996 0.09589
0.09977 0.09589
0.09958 0.09590
0.09939 0.09590
0.09921 0.09590
0.09903 0.09591
0.09886 0.09591
0.09869 0.09591
0.09853 0.09591
0.09837 0.09591
0.09822 0.09592
0.09807 0.09592
0.09793 0.09592
0.09779 0.09592
0.09766 0.09592
0.09753 0.09592
0.09742 0.09593
0.09730 0.09593
0.09720 0.09593
0.09710 0.09593
0.09700 0.09593
0.09692 0.09593
0.09683 0.09593
0.09676 0.09593
0.09670 0.09593
0.09664 0.09593
0.09658 0.09593
0.09654 0.09593
0.09650 0.09593
0.09646 0.09593
0.09644 0.09593
0.09642 0.09594
0.09641 0.09594
0.09641 0.09594
0.09641 0.09594
0.09642 0.09594
0.09644 0.09594
0.09646 0.09594
0.09649 0.09594
0.09652 0.09594
0.09657 0.09594
0.09662 0.09594
0.09667 0.09594
0.09673 0.09594
0.09680 0.09594
0.09687 0.09594
0.09695 0.09594
0.09704 0.09594
0.09713 0.09595
0.09723 0.09595
0.09733 0.09595
0.09743 0.09595
0.09754 0.09595
0.09766 0.09595
0.09778 0.09595
0.09791 0.09595
0.09804 0.09596
0.09817 0.09596
0.09831 0.09596
0.09845 0.09596
0.09859 0.09596
0.09874 0.09597
0.09889 0.09597
0.09904 0.09597
0.09919 0.09597
0.09934 0.09598
0.09950 0.09598
0.09966 0.09598
0.09982 0.09598
0.09998 0.09599
0.10016 0.09599
0.10031 0.09599
0.10047 0.09600
0.10064 0.09600
0.10080 0.09601
0.10095 0.09601
0.10113 0.09601
0.10131 0.09602
0.10146 0.09602
0.10158 0.09603
0.10170 0.09603
0.10185 0.09603
0.10203 0.09604
0.10219 0.09604
0.10231 0.09605
0.10247 0.09605
0.10259 0.09606
0.10274 0.09606
0.10287 0.09607
0.10299 0.09608
0.10311 0.09608
0.10323 0.09609
0.10334 0.09609
0.10344 0.09610
0.10355 0.09610
0.10363 0.09611
0.10372 0.09612
0.10381 0.09612
0.10388 0.09613
0.10395 0.09613
0.10401 0.09614
0.10406 0.09615
0.10411 0.09615
0.10416 0.09616
0.10419 0.09616
0.10421 0.09617
0.10423 0.09618
0.10423 0.09618
0.10424 0.09619
0.10423 0.09619
0.10421 0.09620
0.10418 0.09621
0.10415 0.09621
0.10411 0.09622
0.10406 0.09622
0.10400 0.09623
0.10393 0.09624
0.10385 0.09624
0.10376 0.09625
0.10366 0.09625
0.10355 0.09626
0.10344 0.09626
0.10331 0.09627
0.10318 0.09628
0.10303 0.09628
0.10288 0.09629
0.10271 0.09629
0.10254 0.09630
0.10236 0.09630
0.10217 0.09630
0.10197 0.09631
0.10176 0.09631
0.10154 0.09632
0.10131 0.09632
0.10107 0.09632
0.10083 0.09633
0.10057 0.09633
0.10031 0.09633
0.10004 0.09634
0.09976 0.09634
0.09947 0.09634
0.09917 0.09634
0.09887 0.09634
0.09856 0.09635
0.09824 0.09635
0.09791 0.09635
0.09758 0.09635
0.09724 0.09635
0.09689 0.09635
0.09654 0.09635
0.09618 0.09635
0.09581 0.09635
0.09544 0.09635
0.09506 0.09635
0.09468 0.09635
0.09430 0.09635
0.09391 0.09634
0.09351 0.09634
0.09310 0.09634
0.09270 0.09634
0.09230 0.09633
0.09189 0.09633
0.09147 0.09633
0.09106 0.09632
0.09064 0.09632
0.09022 0.09631
0.08980 0.09631
0.08938 0.09631
0.08895 0.09630
0.08853 0.09629
0.08811 0.09629
0.08768 0.09628
0.08726 0.09628
0.08684 0.09627
0.08642 0.09626
0.08600 0.09625
0.08559 0.09625
0.08517 0.09624
0.08475 0.09623
0.08433 0.09622
0.08396 0.09621
0.08360 0.09620
0.08325 0.09619
0.08289 0.09618
0.08250 0.09617
0.08208 0.09616
0.08171 0.09615
0.08135 0.09614
0.08097 0.09613
0.08062 0.09612
0.08026 0.09611
0.07992 0.09610
0.07958 0.09609
0.07925 0.09607
0.07893 0.09606
0.07861 0.09605
0.07831 0.09604
0.07801 0.09602
0.07772 0.09601
0.07744 0.09600
0.07718 0.09598
0.07691 0.09597
0.07667 0.09596
0.07643 0.09594
0.07621 0.09593
0.07599 0.09591
0.07579 0.09590
0.07559 0.09588
0.07541 0.09587
0.07525 0.09586
0.07509 0.09584
0.07495 0.09583
0.07482 0.09581
0.07470 0.09580
0.07459 0.09578
0.07450 0.09577
0.07442 0.09575
0.07436 0.09574
0.07431 0.09572
0.07427 0.09570
0.07424 0.09569
0.07423 0.09567
0.07423 0.09566
0.07425 0.09564
0.07428 0.09563
0.07433 0.09561
0.07439 0.09560
0.07446 0.09558
0.07454 0.09557
0.07465 0.09556
0.07476 0.09554
0.07489 0.09553
0.07503 0.09551
0.07519 0.09550
0.07536 0.09548
0.07555 0.09547
0.07575 0.09546
0.07596 0.09544
0.07619 0.09543
0.07643 0.09542
0.07668 0.09540
0.07694 0.09539
0.07723 0.09538
0.07752 0.09536
0.07782 0.09535
0.07814 0.09534
0.07847 0.09533
0.07881 0.09532
0.07917 0.09531
0.07953 0.09530
0.07991 0.09528
0.08030 0.09527
0.08070 0.09526
0.08111 0.09525
0.08153 0.09525
0.08196 0.09524
0.08240 0.09523
0.08285 0.09522
0.08331 0.09521
0.08378 0.09520
0.08426 0.09520
0.08475 0.09519
0.08524 0.09518
0.08574 0.09517
0.08625 0.09517
0.08677 0.09516
0.08729 0.09516
0.08782 0.09515
0.08836 0.09515
0.08890 0.09514
0.08944 0.09514
0.08999 0.09514
0.09055 0.09513
0.09111 0.09513
0.09168 0.09513
0.09224 0.09513
0.09281 0.09512
0.09339 0.09512
0.09396 0.09512
0.09452 0.09512
0.09512 0.09512
0.09572 0.09512
0.09631 0.09512
0.09684 0.09512
0.09739 0.09513
0.09799 0.09513
0.09858 0.09513
0.09918 0.09513
0.09972 0.09514
0.10031 0.09514
0.10086 0.09514
0.10144 0.09515
0.10199 0.09515
0.10254 0.09516
0.10310 0.09516
0.10365 0.09517
0.10419 0.09517
0.10473 0.09518
0.10526 0.09519
0.10578 0.09519
0.10629 0.09520
0.10681 0.09521
0.10731 0.09522
0.10781 0.09523
0.10829 0.09523
0.10877 0.09524
0.10925 0.09525
0.10971 0.09526
0.11015 0.09527
0.11059 0.09528
0.11103 0.09529
0.11145 0.09530
0.11186 0.09531
0.11226 0.09533
0.11265 0.09534
0.11303 0.09535
0.11339 0.09536
0.11375 0.09537
0.11409 0.09539
0.11442 0.09540
0.11473 0.09541
0.11504 0.09542
0.11533 0.09544
0.11561 0.09545
0.11587 0.09546
0.11612 0.09548
0.11636 0.09549
0.11658 0.09550
0.11680 0.09552
0.11699 0.09553
0.11718 0.09555
0.11734 0.09556
0.11750 0.09558
0.11764 0.09559
0.11776 0.09560
0.11787 0.09562
0.11797 0.09563
0.11805 0.09565
0.11812 0.09566
0.11818 0.09568
0.11821 0.09569
0.11824 0.09571
0.11825 0.09572
0.11825 0.09574
0.11823 0.09575
0.11820 0.09577
0.11815 0.09578
0.11809 0.09579
0.11801 0.09581
0.11793 0.09582
0.11783 0.09584
0.11771 0.09585
0.11758 0.09587
0.11744 0.09588
0.11728 0.09589
0.11712 0.09591
0.11694 0.09592
0.11675 0.09593
0.11654 0.09595
0.11633 0.09596
0.11610 0.09597
0.11586 0.09599
0.11560 0.09600
0.11534 0.09601
0.11507 0.09602
0.11478 0.09603
0.11449 0.09605
0.11418 0.09606
0.11387 0.09607
0.11354 0.09608
0.11321 0.09609
0.11287 0.09610
0.11252 0.09611
0.11216 0.09612
0.11180 0.09613
0.11142 0.09614
0.11103 0.09615
0.11065 0.09616
0.11026 0.09617
0.10985 0.09618
0.10945 0.09619
0.10904 0.09620
0.10862 0.09620
0.10820 0.09621
0.10779 0.09622
0.10731 0.09623
0.10683 0.09623
0.10641 0.09624
0.10599 0.09624
0.10556 0.09625
0.10509 0.09626
0.10467 0.09626
0.10420 0.09627
0.10376 0.09627
0.10331 0.09628
0.10285 0.09628
0.10239 0.09628
0.10195 0.09629
0.10149 0.09629
0.10104 0.09629
0.10060 0.09630
0.10015 0.09630
0.09971 0.09630
0.09926 0.09630
0.09883 0.09630
0.09839 0.09631
0.09796 0.09631
0.09752 0.09631
0.09710 0.09631
0.09668 0.09631
0.09626 0.09631
0.09585 0.09631
0.09544 0.09631
0.09504 0.09631
0.09464 0.09631
0.09425 0.09630
0.09387 0.09630
0.09349 0.09630
0.09312 0.09630
0.09276 0.09630
0.09240 0.09629
0.09205 0.09629
0.09171 0.09629
0.09138 0.09629
0.09105 0.09628
0.09074 0.09628
0.09043 0.09628
0.09013 0.09627
0.08984 0.09627
0.08955 0.09626
0.08928 0.09626
0.08902 0.09625
0.08876 0.09625
0.08852 0.09625
0.08829 0.09624
0.08806 0.09624
0.08784 0.09623
0.08764 0.09623
0.08744 0.09622
0.08725 0.09621
0.08708 0.09621
0.08691 0.09620
0.08675 0.09620
0.08661 0.09619
0.08647 0.09619
0.08634 0.09618
0.08623 0.09617
0.08612 0.09617
0.08603 0.09616
0.08594 0.09616
0.08586 0.09615
0.08579 0.09614
0.08574 0.09614
0.08569 0.09613
0.08565 0.09612
0.08562 0.09612
0.08560 0.09611
0.08559 0.09610
0.08559 0.09610
0.08560 0.09609
0.08561 0.09609
0.08564 0.09608
0.08567 0.09607
0.08572 0.09607
0.08577 0.09606
0.08582 0.09605
0.08589 0.09605
0.08596 0.09604
0.08604 0.09604
0.08613 0.09603
0.08622 0.09602
0.08633 0.09602
0.08643 0.09601
0.08655 0.09601
0.08667 0.09600
0.08679 0.09600
0.08692 0.09599
0.08706 0.09599
0.08721 0.09598
0.08735 0.09597
0.08750 0.09597
0.08766 0.09596
0.08783 0.09596
0.08797 0.09596
0.08815 0.09595
0.08833 0.09595
0.08851 0.09594
0.08868 0.09594
0.08886 0.09593
0.08904 0.09593
0.08922 0.09592
0.08940 0.09592
0.08959 0.09592
0.08977 0.09591
0.08996 0.09591
0.09014 0.09591
0.09033 0.09590
0.09052 0.09590
0.09070 0.09590
0.09089 0.09589
0.09107 0.09589
0.09125 0.09589
0.09143 0.09589
0.09161 0.09588
0.09179 0.09588
0.09196 0.09588
0.09214 0.09588
0.09230 0.09587
0.09247 0.09587
0.09263 0.09587
0.09279 0.09587
0.09295 0.09587
0.09310 0.09587
0.09325 0.09586
0.09339 0.09586
0.09353 0.09586
0.09366 0.09586
0.09380 0.09586
0.09392 0.09586
0.09404 0.09586
0.09415 0.09586
0.09426 0.09585
0.09436 0.09585
0.09446 0.09585
0.09455 0.09585
0.09463 0.09585
0.09472 0.09585
0.09478 0.09585
0.09485 0.09585
0.09491 0.09585
0.09496 0.09585
0.09501 0.09585
0.09505 0.09585
0.09508 0.09585
0.09511 0.09585
0.09512 0.09585
0.09513 0.09585
0.09514 0.09585
0.09514 0.09585
0.09513 0.09584
0.09511 0.09584
0.09509 0.09584
0.09506 0.09584
0.09502 0.09584
0.09497 0.09584
0.09493 0.09584
0.09487 0.09584
0.09480 0.09584
0.09473 0.09584
0.09466 0.09584
0.09457 0.09584
0.09448 0.09584
0.09439 0.09584
0.09428 0.09584
0.09418 0.09584
0.09406 0.09583
0.09394 0.09583
0.09382 0.09583
0.09369 0.09583
0.09355 0.09583
0.09341 0.09583
0.09326 0.09583
0.09311 0.09583
0.09296 0.09582
0.09280 0.09582
0.09264 0.09582
0.09248 0.09582
0.09231 0.09582
0.09213 0.09581
0.09196 0.09581
0.09178 0.09581
0.09160 0.09581
0.09141 0.09580
0.09123 0.09580
0.09104 0.09580
0.09085 0.09580
0.09066 0.09579
0.09047 0.09579
0.09028 0.09579
0.09008 0.09578
0.08989 0.09578
0.08968 0.09578
0.08951 0.09577
0.08930 0.09577
0.08912 0.09577
0.08891 0.09576
0.08873 0.09576
0.08855 0.09575
0.08837 0.09575
0.08819 0.09575
0.08801 0.09574
0.08784 0.09574
0.08766 0.09573
0.08748 0.09573
0.08733 0.09572
0.08715 0.09572
0.08700 0.09571
0.08683 0.09571
0.08669 0.09570
0.08654 0.09570
0.08639 0.09569
0.08626 0.09569
0.08613 0.09568
0.08601 0.09568
0.08589 0.09567
0.08577 0.09567
0.08567 0.09566
0.08558 0.09566
0.08548 0.09565
0.08540 0.09564
0.08532 0.09564
0.08526 0.09563
0.08520 0.09563
0.08515 0.09562
0.08510 0.09562
0.08507 0.09561
0.08504 0.09560
0.08502 0.09560
0.08502 0.09559
0.08502 0.09559
0.08503 0.09558
0.08504 0.09558
0.08507 0.09557
0.08511 0.09556
0.08516 0.09556
0.08522 0.09555
0.08529 0.09555
0.08536 0.09554
0.08545 0.09554
0.08555 0.09553
0.08566 0.09552
0.08578 0.09552
0.08590 0.09551
0.08604 0.09551
0.08619 0.09550
0.08635 0.09550
0.08652 0.09549
0.08670 0.09549
0.08689 0.09548
0.08709 0.09548
0.08730 0.09548
0.08752 0.09547
0.08775 0.09547
0.08799 0.09546
0.08824 0.09546
0.08849 0.09546
0.08876 0.09545
0.08904 0.09545
0.08933 0.09544
0.08962 0.09544
0.08993 0.09544
0.09024 0.09544
0.09056 0.09543
0.09089 0.09543
0.09123 0.09543
0.09158 0.09543
0.09193 0.09542
0.09230 0.09542
0.09267 0.09542
0.09304 0.09542
0.09343 0.09542
0.09382 0.09542
0.09422 0.09542
0.09462 0.09542
0.09503 0.09542
0.09544 0.09542
0.09586 0.09542
0.09629 0.09542
0.09671 0.09542
0.09715 0.09542
0.09759 0.09542
0.09803 0.09542
0.09847 0.09542
0.09892 0.09543
0.09937 0.09543
0.09982 0.09543
0.10027 0.09543
0.10073 0.09544
0.10119 0.09544
0.10165 0.09544
0.10211 0.09544
0.10257 0.09545
0.10303 0.09545
0.10350 0.09546
0.10395 0.09546
0.10442 0.09547
0.10486 0.09547
0.10534 0.09548
0.10578 0.09548
0.10619 0.09549
0.10666 0.09549
0.10713 0.09550
0.10761 0.09551
0.10805 0.09551
0.10847 0.09552
0.10888 0.09553
0.10931 0.09553
0.10973 0.09554
0.11014 0.09555
0.11054 0.09556
0.11093 0.09557
0.11133 0.09557
0.11172 0.09558
0.11209 0.09559
0.11246 0.09560
0.11282 0.09561
0.11317 0.09562
0.11351 0.09563
0.11385 0.09564
0.11417 0.09565
0.11448 0.09566
0.11479 0.09567
0.11508 0.09568
0.11536 0.09569
0.11563 0.09570
0.11590 0.09571
0.11615 0.09572
0.11638 0.09573
0.11661 0.09574
0.11683 0.09575
0.11703 0.09576
0.11721 0.09577
0.11739 0.09578
0.11756 0.09580
0.11771 0.09581
0.11784 0.09582
0.11797 0.09583
0.11807 0.09584
0.11817 0.09585
0.11826 0.09587
0.11832 0.09588
0.11838 0.09589
0.11842 0.09590
0.11844 0.09591
0.11846 0.09592
0.11846 0.09594
0.11844 0.09595
0.11841 0.09596
0.11836 0.09597
0.11830 0.09598
0.11823 0.09599
0.11814 0.09600
0.11803 0.09602
0.11792 0.09603
0.11778 0.09604
0.11764 0.09605
0.11748 0.09606
0.11730 0.09607
0.11711 0.09608
0.11691 0.09609
0.11669 0.09610
0.11646 0.09611
0.11622 0.09612
0.11596 0.09613
0.11569 0.09614
0.11540 0.09615
0.11510 0.09616
0.11479 0.09617
0.11447 0.09618
0.11413 0.09619
0.11378 0.09620
0.11343 0.09621
0.11305 0.09622
0.11267 0.09623
0.11227 0.09624
0.11187 0.09624
0.11145 0.09625
0.11103 0.09626
0.11059 0.09627
0.11014 0.09627
0.10969 0.09628
0.10922 0.09629
0.10875 0.09629
0.10826 0.09630
0.10777 0.09630
0.10727 0.09631
0.10677 0.09632
0.10626 0.09632
0.10573 0.09633
0.10521 0.09633
0.10467 0.09633
0.10413 0.09634
0.10359 0.09634
0.10304 0.09634
0.10248 0.09635
0.10194 0.09635
0.10136 0.09635
0.10081 0.09636
0.10023 0.09636
0.09968 0.09636
0.09909 0.09636
0.09849 0.09636
0.09791 0.09636
0.09738 0.09636
0.09684 0.09636
0.09627 0.09636
0.09567 0.09636
0.09508 0.09636
0.09452 0.09636
0.09394 0.09636
0.09337 0.09636
0.09279 0.09636
0.09224 0.09635
0.09167 0.09635
