	QEq	Динамический QEq	Avarage
1	0,2855	0,27675	0,27675
2	0,2855	0,27679	0,27677
3	0,2855	0,2768	0,27678
4	0,2855	0,27686	0,2768
5	0,2855	0,27695	0,27683
6	0,2855	0,27701	0,27686
7	0,2855	0,2771	0,27689
8	0,2855	0,27722	0,27693
9	0,2855	0,27734	0,27698
10	0,2855	0,27746	0,27703
11	0,2855	0,27762	0,27708
12	0,2855	0,2778	0,27714
13	0,2855	0,27796	0,2772
14	0,2855	0,27814	0,27727
15	0,2855	0,27835	0,27734
16	0,2855	0,27858	0,27742
17	0,2855	0,27878	0,2775
18	0,2855	0,27902	0,27758
19	0,2855	0,27926	0,27767
20	0,2855	0,27955	0,27777
21	0,2855	0,2798	0,27786
22	0,2855	0,28007	0,27796
23	0,2855	0,28036	0,27807
24	0,2855	0,28066	0,27818
25	0,2855	0,28099	0,27829
26	0,2855	0,28129	0,2784
27	0,2855	0,28159	0,27852
28	0,2855	0,28192	0,27864
29	0,2855	0,28228	0,27877
30	0,2855	0,28264	0,2789
31	0,2855	0,28297	0,27903
32	0,2855	0,28331	0,27916
33	0,2855	0,28367	0,2793
34	0,2855	0,28403	0,27944
35	0,2855	0,28439	0,27958
36	0,2855	0,28474	0,27972
37	0,2855	0,2851	0,27987
38	0,2855	0,28551	0,28002
39	0,2855	0,28593	0,28017
40	0,2855	0,28635	0,28032
41	0,2855	0,28674	0,28048
42	0,2855	0,28709	0,28064
43	0,2855	0,28745	0,2808
44	0,2855	0,28781	0,28095
45	0,2855	0,28817	0,28112
46	0,2855	0,28853	0,28128
47	0,2855	0,28888	0,28144
48	0,2855	0,28924	0,2816
49	0,2855	0,28958	0,28176
50	0,2855	0,28988	0,28193
51	0,2855	0,29019	0,28209
52	0,2855	0,29055	0,28225
53	0,2855	0,29091	0,28241
54	0,2855	0,29126	0,28258
55	0,2855	0,2916	0,28274
56	0,2855	0,2919	0,28291
57	0,2855	0,29219	0,28307
58	0,2855	0,29249	0,28323
59	0,2855	0,29276	0,28339
60	0,2855	0,293	0,28355
61	0,2855	0,29324	0,28371
62	0,2855	0,29352	0,28387
63	0,2855	0,29376	0,28403
64	0,2855	0,29399	0,28418
65	0,2855	0,2942	0,28434
66	0,2855	0,29438	0,28449
67	0,2855	0,29456	0,28464
68	0,2855	0,29474	0,28479
69	0,2855	0,29491	0,28493
70	0,2855	0,29505	0,28508
71	0,2855	0,29517	0,28522
72	0,2855	0,29527	0,28536
73	0,2855	0,29539	0,2855
74	0,2855	0,29549	0,28563
75	0,2855	0,29555	0,28576
76	0,2855	0,29558	0,28589
77	0,2855	0,29564	0,28602
78	0,2855	0,29568	0,28614
79	0,2855	0,29568	0,28626
80	0,2855	0,29565	0,28638
81	0,2855	0,29564	0,2865
82	0,2855	0,29561	0,28661
83	0,2855	0,29555	0,28672
84	0,2855	0,29546	0,28682
85	0,2855	0,2954	0,28692
86	0,2855	0,2953	0,28702
87	0,2855	0,29518	0,28711
88	0,2855	0,29503	0,2872
89	0,2855	0,29491	0,28729
90	0,2855	0,29474	0,28737
91	0,2855	0,29455	0,28745
92	0,2855	0,29436	0,28753
93	0,2855	0,29417	0,2876
94	0,2855	0,29393	0,28766
95	0,2855	0,29369	0,28773
96	0,2855	0,29345	0,28779
97	0,2855	0,2932	0,28784
98	0,2855	0,29291	0,28789
99	0,2855	0,29262	0,28794
100	0,2855	0,29232	0,28799
101	0,2855	0,29202	0,28803
102	0,2855	0,29168	0,28806
103	0,2855	0,29133	0,28809
104	0,2855	0,291	0,28812
105	0,2855	0,29064	0,28815
106	0,2855	0,29029	0,28817
107	0,2855	0,28987	0,28818
108	0,2855	0,28951	0,28819
109	0,2855	0,28913	0,2882
110	0,2855	0,28871	0,28821
111	0,2855	0,2883	0,28821
112	0,2855	0,28787	0,2882
113	0,2855	0,28746	0,2882
114	0,2855	0,28704	0,28819
115	0,2855	0,28662	0,28817
116	0,2855	0,28617	0,28816
117	0,2855	0,2857	0,28814
118	0,2855	0,28524	0,28811
119	0,2855	0,28482	0,28808
120	0,2855	0,28441	0,28805
121	0,2855	0,28397	0,28802
122	0,2855	0,28349	0,28798
123	0,2855	0,28301	0,28794
124	0,2855	0,28254	0,2879
125	0,2855	0,28206	0,28785
126	0,2855	0,28158	0,2878
127	0,2855	0,28117	0,28775
128	0,2855	0,28075	0,2877
129	0,2855	0,28033	0,28764
130	0,2855	0,27991	0,28758
131	0,2855	0,2795	0,28752
132	0,2855	0,27908	0,28745
133	0,2855	0,27866	0,28739
134	0,2855	0,27825	0,28732
135	0,2855	0,27783	0,28725
136	0,2855	0,27741	0,28718
137	0,2855	0,27705	0,2871
138	0,2855	0,27669	0,28703
139	0,2855	0,27634	0,28695
140	0,2855	0,27598	0,28687
141	0,2855	0,27562	0,28679
142	0,2855	0,27531	0,28671
143	0,2855	0,27501	0,28663
144	0,2855	0,27471	0,28655
145	0,2855	0,27442	0,28646
146	0,2855	0,27415	0,28638
147	0,2855	0,27385	0,28629
148	0,2855	0,27356	0,28621
149	0,2855	0,27331	0,28612
150	0,2855	0,27307	0,28603
151	0,2855	0,27284	0,28595
152	0,2855	0,27267	0,28586
153	0,2855	0,27249	0,28577
154	0,2855	0,27234	0,28568
155	0,2855	0,27219	0,2856
156	0,2855	0,27202	0,28551
157	0,2855	0,27191	0,28542
158	0,2855	0,27179	0,28534
159	0,2855	0,27173	0,28525
160	0,2855	0,27167	0,28517
161	0,2855	0,27164	0,28508
162	0,2855	0,27158	0,285
163	0,2855	0,27156	0,28492
164	0,2855	0,27156	0,28484
165	0,2855	0,2716	0,28476
166	0,2855	0,27166	0,28468
167	0,2855	0,27171	0,2846
168	0,2855	0,27177	0,28452
169	0,2855	0,27187	0,28445
170	0,2855	0,27199	0,28437
171	0,2855	0,27215	0,2843
172	0,2855	0,27227	0,28423
173	0,2855	0,27243	0,28416
174	0,2855	0,27261	0,2841
175	0,2855	0,27284	0,28403
176	0,2855	0,27307	0,28397
177	0,2855	0,27329	0,28391
178	0,2855	0,27353	0,28385
179	0,2855	0,27381	0,2838
180	0,2855	0,2741	0,28374
181	0,2855	0,27442	0,28369
182	0,2855	0,27472	0,28364
183	0,2855	0,27504	0,28359
184	0,2855	0,27539	0,28355
185	0,2855	0,27576	0,28351
186	0,2855	0,27616	0,28347
187	0,2855	0,27652	0,28343
188	0,2855	0,27692	0,2834
189	0,2855	0,27733	0,28336
190	0,2855	0,27776	0,28334
191	0,2855	0,27824	0,28331
192	0,2855	0,27866	0,28328
193	0,2855	0,2791	0,28326
194	0,2855	0,27957	0,28324
195	0,2855	0,28005	0,28323
196	0,2855	0,28054	0,28321
197	0,2855	0,28108	0,2832
198	0,2855	0,28156	0,28319
199	0,2855	0,28204	0,28319
200	0,2855	0,28254	0,28319
201	0,2855	0,28308	0,28318
202	0,2855	0,28361	0,28319
203	0,2855	0,28415	0,28319
204	0,2855	0,28469	0,2832
205	0,2855	0,28522	0,28321
206	0,2855	0,28576	0,28322
207	0,2855	0,28629	0,28324
208	0,2855	0,28683	0,28325
209	0,2855	0,28737	0,28327
210	0,2855	0,2879	0,2833
211	0,2855	0,28844	0,28332
212	0,2855	0,28897	0,28335
213	0,2855	0,28951	0,28338
214	0,2855	0,29005	0,28341
215	0,2855	0,29058	0,28344
216	0,2855	0,29112	0,28348
217	0,2855	0,29166	0,28351
218	0,2855	0,29219	0,28355
219	0,2855	0,29273	0,28359
220	0,2855	0,29327	0,28364
221	0,2855	0,29377	0,28368
222	0,2855	0,29425	0,28373
223	0,2855	0,29472	0,28378
224	0,2855	0,2952	0,28383
225	0,2855	0,29568	0,28389
226	0,2855	0,29614	0,28394
227	0,2855	0,29656	0,28399
228	0,2855	0,29697	0,28405
229	0,2855	0,29739	0,28411
230	0,2855	0,29778	0,28417
231	0,2855	0,29814	0,28423
232	0,2855	0,2985	0,28429
233	0,2855	0,29884	0,28435
234	0,2855	0,29914	0,28442
235	0,2855	0,29944	0,28448
236	0,2855	0,29971	0,28455
237	0,2855	0,29995	0,28461
238	0,2855	0,30021	0,28468
239	0,2855	0,30046	0,28474
240	0,2855	0,3007	0,28481
241	0,2855	0,30091	0,28488
242	0,2855	0,30109	0,28494
243	0,2855	0,30126	0,28501
244	0,2855	0,30138	0,28508
245	0,2855	0,3015	0,28514
246	0,2855	0,30157	0,28521
247	0,2855	0,30168	0,28528
248	0,2855	0,30175	0,28534
249	0,2855	0,30181	0,28541
250	0,2855	0,30184	0,28548
251	0,2855	0,30184	0,28554
252	0,2855	0,30181	0,28561
253	0,2855	0,30175	0,28567
254	0,2855	0,3017	0,28573
255	0,2855	0,30164	0,28579
256	0,2855	0,30156	0,28586
257	0,2855	0,30144	0,28592
258	0,2855	0,3013	0,28598
259	0,2855	0,30112	0,28603
260	0,2855	0,30093	0,28609
261	0,2855	0,30074	0,28615
262	0,2855	0,30056	0,2862
263	0,2855	0,30032	0,28626
264	0,2855	0,30008	0,28631
265	0,2855	0,29979	0,28636
266	0,2855	0,29949	0,28641
267	0,2855	0,29916	0,28646
268	0,2855	0,29885	0,2865
269	0,2855	0,29854	0,28655
270	0,2855	0,29818	0,28659
271	0,2855	0,29782	0,28663
272	0,2855	0,29742	0,28667
273	0,2855	0,29701	0,28671
274	0,2855	0,29659	0,28675
275	0,2855	0,29611	0,28678
276	0,2855	0,29567	0,28681
277	0,2855	0,29526	0,28684
278	0,2855	0,29478	0,28687
279	0,2855	0,29431	0,2869
280	0,2855	0,29383	0,28692
281	0,2855	0,29332	0,28695
282	0,2855	0,29279	0,28697
283	0,2855	0,29225	0,28699
284	0,2855	0,29171	0,287
285	0,2855	0,29117	0,28702
286	0,2855	0,29058	0,28703
287	0,2855	0,28998	0,28704
288	0,2855	0,28942	0,28705
289	0,2855	0,28888	0,28705
290	0,2855	0,28834	0,28706
291	0,2855	0,28781	0,28706
292	0,2855	0,28727	0,28706
293	0,2855	0,28673	0,28706
294	0,2855	0,28616	0,28706
295	0,2855	0,28556	0,28705
296	0,2855	0,28497	0,28705
297	0,2855	0,28437	0,28704
298	0,2855	0,28378	0,28703
299	0,2855	0,28323	0,28701
300	0,2855	0,28269	0,287
301	0,2855	0,28215	0,28698
302	0,2855	0,28162	0,28696
303	0,2855	0,28108	0,28694
304	0,2855	0,28054	0,28692
305	0,2855	0,28001	0,2869
306	0,2855	0,27943	0,28688
307	0,2855	0,27885	0,28685
308	0,2855	0,27832	0,28682
309	0,2855	0,27778	0,28679
310	0,2855	0,27724	0,28676
311	0,2855	0,27671	0,28673
312	0,2855	0,27622	0,2867
313	0,2855	0,27575	0,28666
314	0,2855	0,27527	0,28663
315	0,2855	0,27482	0,28659
316	0,2855	0,2744	0,28655
317	0,2855	0,27399	0,28651
318	0,2855	0,27356	0,28647
319	0,2855	0,27314	0,28643
320	0,2855	0,27273	0,28638
321	0,2855	0,27235	0,28634
322	0,2855	0,27199	0,2863
323	0,2855	0,27165	0,28625
324	0,2855	0,27135	0,2862
325	0,2855	0,27105	0,28616
326	0,2855	0,27078	0,28611
327	0,2855	0,27048	0,28606
328	0,2855	0,27022	0,28601
329	0,2855	0,26998	0,28597
330	0,2855	0,26976	0,28592
331	0,2855	0,26958	0,28587
332	0,2855	0,26941	0,28582
333	0,2855	0,26928	0,28577
334	0,2855	0,26911	0,28572
335	0,2855	0,26899	0,28567
336	0,2855	0,26887	0,28562
337	0,2855	0,26881	0,28557
338	0,2855	0,26875	0,28552
339	0,2855	0,26875	0,28547
340	0,2855	0,26874	0,28542
341	0,2855	0,26873	0,28537
342	0,2855	0,26873	0,28532
343	0,2855	0,26877	0,28527
344	0,2855	0,26883	0,28523
345	0,2855	0,26893	0,28518
346	0,2855	0,26905	0,28513
347	0,2855	0,26919	0,28509
348	0,2855	0,26934	0,28504
349	0,2855	0,26947	0,285
350	0,2855	0,26965	0,28495
351	0,2855	0,26983	0,28491
352	0,2855	0,27006	0,28487
353	0,2855	0,2703	0,28483
354	0,2855	0,27057	0,28479
355	0,2855	0,27086	0,28475
356	0,2855	0,27116	0,28471
357	0,2855	0,27151	0,28467
358	0,2855	0,27182	0,28464
359	0,2855	0,27211	0,2846
360	0,2855	0,27247	0,28457
361	0,2855	0,27283	0,28454
362	0,2855	0,27318	0,2845
363	0,2855	0,27358	0,28447
364	0,2855	0,274	0,28444
365	0,2855	0,27442	0,28442
366	0,2855	0,27484	0,28439
367	0,2855	0,2753	0,28437
368	0,2855	0,27578	0,28434
369	0,2855	0,27626	0,28432
370	0,2855	0,27673	0,2843
371	0,2855	0,27721	0,28428
372	0,2855	0,27771	0,28426
373	0,2855	0,27824	0,28425
374	0,2855	0,27878	0,28423
375	0,2855	0,27931	0,28422
376	0,2855	0,27985	0,28421
377	0,2855	0,28039	0,2842
378	0,2855	0,28092	0,28419
379	0,2855	0,28146	0,28418
380	0,2855	0,282	0,28418
381	0,2855	0,28253	0,28417
382	0,2855	0,28307	0,28417
383	0,2855	0,28361	0,28417
384	0,2855	0,28414	0,28417
385	0,2855	0,28472	0,28417
386	0,2855	0,28532	0,28417
387	0,2855	0,28587	0,28418
388	0,2855	0,28641	0,28418
389	0,2855	0,28694	0,28419
390	0,2855	0,28748	0,2842
391	0,2855	0,28801	0,28421
392	0,2855	0,28853	0,28422
393	0,2855	0,28901	0,28423
394	0,2855	0,28955	0,28424
395	0,2855	0,29009	0,28426
396	0,2855	0,2906	0,28428
397	0,2855	0,29108	0,28429
398	0,2855	0,29155	0,28431
399	0,2855	0,29201	0,28433
400	0,2855	0,29247	0,28435
401	0,2855	0,29295	0,28437
402	0,2855	0,2934	0,28439
403	0,2855	0,29381	0,28442
404	0,2855	0,29423	0,28444
405	0,2855	0,2946	0,28447
406	0,2855	0,29502	0,28449
407	0,2855	0,29541	0,28452
408	0,2855	0,29577	0,28455
409	0,2855	0,29611	0,28458
410	0,2855	0,29641	0,2846
411	0,2855	0,29676	0,28463
412	0,2855	0,29706	0,28466
413	0,2855	0,29736	0,28469
414	0,2855	0,29761	0,28473
415	0,2855	0,29784	0,28476
416	0,2855	0,29809	0,28479
417	0,2855	0,29833	0,28482
418	0,2855	0,29852	0,28485
419	0,2855	0,2987	0,28489
420	0,2855	0,29883	0,28492
421	0,2855	0,29901	0,28495
422	0,2855	0,29914	0,28499
423	0,2855	0,29926	0,28502
424	0,2855	0,29933	0,28506
425	0,2855	0,29939	0,28509
426	0,2855	0,29945	0,28512
427	0,2855	0,29951	0,28516
428	0,2855	0,29952	0,28519
429	0,2855	0,29952	0,28522
430	0,2855	0,29947	0,28526
431	0,2855	0,29943	0,28529
432	0,2855	0,29939	0,28532
433	0,2855	0,29933	0,28535
434	0,2855	0,29924	0,28539
435	0,2855	0,29912	0,28542
436	0,2855	0,29899	0,28545
437	0,2855	0,29881	0,28548
438	0,2855	0,29867	0,28551
439	0,2855	0,2985	0,28554
440	0,2855	0,29832	0,28557
441	0,2855	0,29813	0,2856
442	0,2855	0,29789	0,28563
443	0,2855	0,29765	0,28565
444	0,2855	0,29738	0,28568
445	0,2855	0,29708	0,2857
446	0,2855	0,29678	0,28573
447	0,2855	0,29646	0,28575
448	0,2855	0,29616	0,28578
449	0,2855	0,29586	0,2858
450	0,2855	0,29556	0,28582
451	0,2855	0,29523	0,28584
452	0,2855	0,29487	0,28586
453	0,2855	0,29451	0,28588
454	0,2855	0,29415	0,2859
455	0,2855	0,2938	0,28592
456	0,2855	0,29342	0,28593
457	0,2855	0,29301	0,28595
458	0,2855	0,29259	0,28596
459	0,2855	0,29217	0,28598
460	0,2855	0,29176	0,28599
461	0,2855	0,29134	0,286
462	0,2855	0,29092	0,28601
463	0,2855	0,2905	0,28602
464	0,2855	0,29003	0,28603
465	0,2855	0,28955	0,28604
466	0,2855	0,28908	0,28604
467	0,2855	0,2886	0,28605
468	0,2855	0,28812	0,28605
469	0,2855	0,28765	0,28606
470	0,2855	0,28717	0,28606
471	0,2855	0,28672	0,28606
472	0,2855	0,2863	0,28606
473	0,2855	0,28585	0,28606
474	0,2855	0,28537	0,28606
475	0,2855	0,2849	0,28606
476	0,2855	0,28443	0,28605
477	0,2855	0,28401	0,28605
478	0,2855	0,2836	0,28604
479	0,2855	0,28314	0,28604
480	0,2855	0,28269	0,28603
481	0,2855	0,28228	0,28602
482	0,2855	0,28186	0,28601
483	0,2855	0,28147	0,286
484	0,2855	0,28106	0,28599
485	0,2855	0,28065	0,28598
486	0,2855	0,28027	0,28597
487	0,2855	0,27991	0,28596
488	0,2855	0,27954	0,28595
489	0,2855	0,27919	0,28593
490	0,2855	0,27883	0,28592
491	0,2855	0,27852	0,2859
492	0,2855	0,2782	0,28589
493	0,2855	0,27788	0,28587
494	0,2855	0,27759	0,28585
495	0,2855	0,27732	0,28584
496	0,2855	0,27705	0,28582
497	0,2855	0,27679	0,2858
498	0,2855	0,27655	0,28578
499	0,2855	0,27634	0,28576
500	0,2855	0,27612	0,28574
501	0,2855	0,27591	0,28572
502	0,2855	0,27574	0,2857
503	0,2855	0,2756	0,28568
504	0,2855	0,27542	0,28566
505	0,2855	0,27529	0,28564
506	0,2855	0,27517	0,28562
507	0,2855	0,27508	0,2856
508	0,2855	0,27496	0,28558
509	0,2855	0,2749	0,28556
510	0,2855	0,27485	0,28554
511	0,2855	0,27482	0,28552
512	0,2855	0,27478	0,2855
513	0,2855	0,27478	0,28548
514	0,2855	0,27479	0,28546
515	0,2855	0,27482	0,28544
516	0,2855	0,27484	0,28541
517	0,2855	0,2749	0,28539
518	0,2855	0,27498	0,28537
519	0,2855	0,27508	0,28535
520	0,2855	0,27515	0,28533
521	0,2855	0,27527	0,28532
522	0,2855	0,27539	0,2853
523	0,2855	0,27557	0,28528
524	0,2855	0,27572	0,28526
525	0,2855	0,27588	0,28524
526	0,2855	0,27606	0,28522
527	0,2855	0,27624	0,28521
528	0,2855	0,27648	0,28519
529	0,2855	0,27672	0,28517
530	0,2855	0,27695	0,28516
531	0,2855	0,27719	0,28514
532	0,2855	0,27743	0,28513
533	0,2855	0,27768	0,28512
534	0,2855	0,27798	0,2851
535	0,2855	0,27828	0,28509
536	0,2855	0,27857	0,28508
537	0,2855	0,2789	0,28507
538	0,2855	0,27925	0,28505
539	0,2855	0,27961	0,28504
540	0,2855	0,27991	0,28504
541	0,2855	0,28021	0,28503
542	0,2855	0,28051	0,28502
543	0,2855	0,28085	0,28501
544	0,2855	0,2812	0,285
545	0,2855	0,28156	0,285
546	0,2855	0,28192	0,28499
547	0,2855	0,28228	0,28499
548	0,2855	0,28263	0,28498
549	0,2855	0,28299	0,28498
550	0,2855	0,28335	0,28498
551	0,2855	0,28371	0,28497
552	0,2855	0,28411	0,28497
553	0,2855	0,28453	0,28497
554	0,2855	0,28495	0,28497
555	0,2855	0,28534	0,28497
556	0,2855	0,2857	0,28497
557	0,2855	0,28606	0,28497
558	0,2855	0,28642	0,28498
559	0,2855	0,28677	0,28498
560	0,2855	0,28713	0,28498
561	0,2855	0,28748	0,28499
562	0,2855	0,28784	0,28499
563	0,2855	0,28819	0,285
564	0,2855	0,28855	0,28501
565	0,2855	0,28886	0,28501
566	0,2855	0,28916	0,28502
567	0,2855	0,2895	0,28503
568	0,2855	0,28981	0,28504
569	0,2855	0,29011	0,28505
570	0,2855	0,29041	0,28505
571	0,2855	0,29065	0,28506
572	0,2855	0,29095	0,28507
573	0,2855	0,29122	0,28509
574	0,2855	0,29146	0,2851
575	0,2855	0,29168	0,28511
576	0,2855	0,29192	0,28512
577	0,2855	0,29216	0,28513
578	0,2855	0,29234	0,28514
579	0,2855	0,29253	0,28516
580	0,2855	0,29271	0,28517
581	0,2855	0,29289	0,28518
582	0,2855	0,29302	0,2852
583	0,2855	0,29318	0,28521
584	0,2855	0,2933	0,28522
585	0,2855	0,29341	0,28524
586	0,2855	0,29349	0,28525
587	0,2855	0,29359	0,28527
588	0,2855	0,29365	0,28528
589	0,2855	0,29369	0,2853
590	0,2855	0,29375	0,28531
591	0,2855	0,29378	0,28532
592	0,2855	0,29378	0,28534
593	0,2855	0,29377	0,28535
594	0,2855	0,29377	0,28537
595	0,2855	0,29372	0,28538
596	0,2855	0,29368	0,28539
597	0,2855	0,29362	0,28541
598	0,2855	0,29355	0,28542
599	0,2855	0,29343	0,28544
600	0,2855	0,29335	0,28545
601	0,2855	0,29323	0,28546
602	0,2855	0,2931	0,28547
603	0,2855	0,29294	0,28549
604	0,2855	0,2928	0,2855
605	0,2855	0,29263	0,28551
606	0,2855	0,29243	0,28552
607	0,2855	0,29224	0,28553
608	0,2855	0,29205	0,28554
609	0,2855	0,29182	0,28555
610	0,2855	0,29158	0,28556
611	0,2855	0,29133	0,28557
612	0,2855	0,2911	0,28558
613	0,2855	0,29084	0,28559
614	0,2855	0,29054	0,2856
615	0,2855	0,29026	0,28561
616	0,2855	0,28998	0,28561
617	0,2855	0,28968	0,28562
618	0,2855	0,28938	0,28563
619	0,2855	0,28905	0,28563
620	0,2855	0,2887	0,28564
621	0,2855	0,28839	0,28564
622	0,2855	0,28809	0,28565
623	0,2855	0,28774	0,28565
624	0,2855	0,28738	0,28565
625	0,2855	0,28703	0,28565
626	0,2855	0,28667	0,28566
627	0,2855	0,28631	0,28566
628	0,2855	0,28592	0,28566
629	0,2855	0,28556	0,28566
630	0,2855	0,2852	0,28566
631	0,2855	0,28484	0,28565
632	0,2855	0,28448	0,28565
633	0,2855	0,28413	0,28565
634	0,2855	0,28377	0,28565
635	0,2855	0,28341	0,28564
636	0,2855	0,28305	0,28564
637	0,2855	0,2827	0,28564
638	0,2855	0,28234	0,28563
639	0,2855	0,28198	0,28562
640	0,2855	0,28162	0,28562
641	0,2855	0,28127	0,28561
642	0,2855	0,28095	0,2856
643	0,2855	0,28065	0,2856
644	0,2855	0,28035	0,28559
645	0,2855	0,28006	0,28558
646	0,2855	0,27971	0,28557
647	0,2855	0,27938	0,28556
648	0,2855	0,27908	0,28555
649	0,2855	0,27878	0,28554
650	0,2855	0,27848	0,28553
651	0,2855	0,27822	0,28552
652	0,2855	0,27798	0,28551
653	0,2855	0,27774	0,28549
654	0,2855	0,2775	0,28548
655	0,2855	0,27726	0,28547
656	0,2855	0,27702	0,28546
657	0,2855	0,27683	0,28544
658	0,2855	0,27665	0,28543
659	0,2855	0,27648	0,28542
660	0,2855	0,2763	0,2854
661	0,2855	0,27613	0,28539
662	0,2855	0,27601	0,28538
663	0,2855	0,27589	0,28536
664	0,2855	0,27579	0,28535
665	0,2855	0,27567	0,28533
666	0,2855	0,2756	0,28532
667	0,2855	0,27554	0,2853
668	0,2855	0,2755	0,28529
669	0,2855	0,27544	0,28527
670	0,2855	0,27542	0,28526
671	0,2855	0,27542	0,28524
672	0,2855	0,27544	0,28523
673	0,2855	0,27544	0,28521
674	0,2855	0,2755	0,2852
675	0,2855	0,27556	0,28519
676	0,2855	0,27563	0,28517
677	0,2855	0,2757	0,28516
678	0,2855	0,27582	0,28514
679	0,2855	0,27595	0,28513
680	0,2855	0,27607	0,28512
681	0,2855	0,27621	0,2851
682	0,2855	0,27639	0,28509
683	0,2855	0,27657	0,28508
684	0,2855	0,27675	0,28507
685	0,2855	0,27696	0,28506
686	0,2855	0,2772	0,28504
687	0,2855	0,27742	0,28503
688	0,2855	0,27766	0,28502
689	0,2855	0,27793	0,28501
690	0,2855	0,27821	0,285
691	0,2855	0,27848	0,28499
692	0,2855	0,27878	0,28498
693	0,2855	0,27911	0,28497
694	0,2855	0,27943	0,28497
695	0,2855	0,27974	0,28496
696	0,2855	0,2801	0,28495
697	0,2855	0,28045	0,28495
698	0,2855	0,28082	0,28494
699	0,2855	0,28118	0,28493
700	0,2855	0,28154	0,28493
701	0,2855	0,28196	0,28493
702	0,2855	0,28238	0,28492
703	0,2855	0,28274	0,28492
704	0,2855	0,28316	0,28492
705	0,2855	0,28358	0,28491
706	0,2855	0,28399	0,28491
707	0,2855	0,28444	0,28491
708	0,2855	0,28488	0,28491
709	0,2855	0,28529	0,28491
710	0,2855	0,28571	0,28491
711	0,2855	0,28613	0,28492
712	0,2855	0,28659	0,28492
713	0,2855	0,28707	0,28492
714	0,2855	0,28754	0,28492
715	0,2855	0,28797	0,28493
716	0,2855	0,28839	0,28493
717	0,2855	0,28881	0,28494
718	0,2855	0,28923	0,28495
719	0,2855	0,28964	0,28495
720	0,2855	0,29006	0,28496
721	0,2855	0,29048	0,28497
722	0,2855	0,29089	0,28497
723	0,2855	0,29131	0,28498
724	0,2855	0,29173	0,28499
725	0,2855	0,29215	0,285
726	0,2855	0,29256	0,28501
727	0,2855	0,29298	0,28502
728	0,2855	0,2934	0,28504
729	0,2855	0,2938	0,28505
730	0,2855	0,29416	0,28506
731	0,2855	0,29452	0,28507
732	0,2855	0,29488	0,28509
733	0,2855	0,29523	0,2851
734	0,2855	0,29557	0,28511
735	0,2855	0,29587	0,28513
736	0,2855	0,29616	0,28514
737	0,2855	0,29646	0,28516
738	0,2855	0,29671	0,28518
739	0,2855	0,29695	0,28519
740	0,2855	0,29719	0,28521
741	0,2855	0,29739	0,28522
742	0,2855	0,29763	0,28524
743	0,2855	0,29786	0,28526
744	0,2855	0,29804	0,28527
745	0,2855	0,29822	0,28529
746	0,2855	0,29836	0,28531
747	0,2855	0,29848	0,28533
748	0,2855	0,29858	0,28534
749	0,2855	0,29869	0,28536
750	0,2855	0,2988	0,28538
751	0,2855	0,29886	0,2854
752	0,2855	0,29892	0,28542
753	0,2855	0,29893	0,28543
754	0,2855	0,29893	0,28545
755	0,2855	0,29894	0,28547
756	0,2855	0,29894	0,28549
757	0,2855	0,29889	0,28551
758	0,2855	0,29883	0,28552
759	0,2855	0,29872	0,28554
760	0,2855	0,29865	0,28556
761	0,2855	0,29854	0,28558
762	0,2855	0,29843	0,28559
763	0,2855	0,29825	0,28561
764	0,2855	0,29808	0,28562
765	0,2855	0,29791	0,28564
766	0,2855	0,29773	0,28566
767	0,2855	0,29749	0,28567
768	0,2855	0,29726	0,28569
769	0,2855	0,29699	0,2857
770	0,2855	0,29675	0,28572
771	0,2855	0,29646	0,28573
772	0,2855	0,29616	0,28574
773	0,2855	0,29581	0,28576
774	0,2855	0,2955	0,28577
775	0,2855	0,29517	0,28578
776	0,2855	0,29481	0,28579
777	0,2855	0,29443	0,2858
778	0,2855	0,29401	0,28581
779	0,2855	0,29365	0,28582
780	0,2855	0,29323	0,28583
781	0,2855	0,29281	0,28584
782	0,2855	0,29236	0,28585
783	0,2855	0,29189	0,28586
784	0,2855	0,29146	0,28587
785	0,2855	0,291	0,28587
786	0,2855	0,29052	0,28588
787	0,2855	0,29004	0,28588
788	0,2855	0,28953	0,28589
789	0,2855	0,28899	0,28589
790	0,2855	0,28852	0,2859
791	0,2855	0,28804	0,2859
792	0,2855	0,2875	0,2859
793	0,2855	0,28697	0,2859
794	0,2855	0,28643	0,2859
795	0,2855	0,2859	0,2859
796	0,2855	0,28536	0,2859
797	0,2855	0,28482	0,2859
798	0,2855	0,28428	0,2859
799	0,2855	0,28375	0,2859
800	0,2855	0,28321	0,28589
801	0,2855	0,28267	0,28589
802	0,2855	0,28214	0,28588
803	0,2855	0,2816	0,28588
804	0,2855	0,28106	0,28587
805	0,2855	0,28053	0,28587
806	0,2855	0,27999	0,28586
807	0,2855	0,27945	0,28585
808	0,2855	0,27892	0,28584
809	0,2855	0,27838	0,28583
810	0,2855	0,27785	0,28582
811	0,2855	0,27736	0,28581
812	0,2855	0,27688	0,2858
813	0,2855	0,27641	0,28579
814	0,2855	0,27599	0,28578
815	0,2855	0,27558	0,28577
816	0,2855	0,27516	0,28575
817	0,2855	0,27473	0,28574
818	0,2855	0,27425	0,28572
819	0,2855	0,27384	0,28571
820	0,2855	0,27342	0,2857
821	0,2855	0,273	0,28568
822	0,2855	0,2726	0,28566
823	0,2855	0,27225	0,28565
824	0,2855	0,27189	0,28563
825	0,2855	0,27154	0,28561
826	0,2855	0,27124	0,2856
827	0,2855	0,27094	0,28558
828	0,2855	0,27067	0,28556
829	0,2855	0,27043	0,28554
830	0,2855	0,27019	0,28552
831	0,2855	0,27	0,28551
832	0,2855	0,2698	0,28549
833	0,2855	0,26959	0,28547
834	0,2855	0,26941	0,28545
835	0,2855	0,26923	0,28543
836	0,2855	0,26911	0,28541
837	0,2855	0,26899	0,28539
838	0,2855	0,26892	0,28537
839	0,2855	0,26886	0,28535
840	0,2855	0,26884	0,28533
841	0,2855	0,26878	0,28531
842	0,2855	0,26876	0,28529
843	0,2855	0,26876	0,28527
844	0,2855	0,26879	0,28525
845	0,2855	0,26885	0,28523
846	0,2855	0,26893	0,28521
847	0,2855	0,26905	0,28519
848	0,2855	0,26914	0,28518
849	0,2855	0,26926	0,28516
850	0,2855	0,26939	0,28514
851	0,2855	0,26957	0,28512
852	0,2855	0,26976	0,2851
853	0,2855	0,27	0,28508
854	0,2855	0,27023	0,28507
855	0,2855	0,27047	0,28505
856	0,2855	0,27071	0,28503
857	0,2855	0,271	0,28502
858	0,2855	0,2713	0,285
859	0,2855	0,27163	0,28498
860	0,2855	0,27199	0,28497
861	0,2855	0,27235	0,28496
862	0,2855	0,27271	0,28494
863	0,2855	0,27307	0,28493
864	0,2855	0,27347	0,28491
865	0,2855	0,27388	0,2849
866	0,2855	0,2743	0,28489
867	0,2855	0,27478	0,28488
868	0,2855	0,27525	0,28487
869	0,2855	0,27573	0,28486
870	0,2855	0,27622	0,28485
871	0,2855	0,27669	0,28484
872	0,2855	0,27717	0,28483
873	0,2855	0,27768	0,28482
874	0,2855	0,27821	0,28481
875	0,2855	0,27875	0,2848
876	0,2855	0,27929	0,2848
877	0,2855	0,27983	0,28479
878	0,2855	0,28042	0,28479
879	0,2855	0,28102	0,28478
880	0,2855	0,28162	0,28478
881	0,2855	0,28221	0,28478
882	0,2855	0,28281	0,28477
883	0,2855	0,28338	0,28477
884	0,2855	0,28392	0,28477
885	0,2855	0,28446	0,28477
886	0,2855	0,28501	0,28477
887	0,2855	0,28561	0,28477
888	0,2855	0,28621	0,28477
889	0,2855	0,2868	0,28478
890	0,2855	0,28739	0,28478
891	0,2855	0,28792	0,28478
892	0,2855	0,28846	0,28479
893	0,2855	0,289	0,28479
894	0,2855	0,28953	0,2848
895	0,2855	0,29007	0,2848
896	0,2855	0,29061	0,28481
897	0,2855	0,2912	0,28482
898	0,2855	0,2918	0,28483
899	0,2855	0,29236	0,28483
900	0,2855	0,2929	0,28484
901	0,2855	0,29344	0,28485
902	0,2855	0,29397	0,28486
903	0,2855	0,29451	0,28487
904	0,2855	0,29499	0,28488
905	0,2855	0,29546	0,2849
906	0,2855	0,29594	0,28491
907	0,2855	0,29638	0,28492
908	0,2855	0,2968	0,28493
909	0,2855	0,29722	0,28495
910	0,2855	0,29762	0,28496
911	0,2855	0,29804	0,28498
912	0,2855	0,29846	0,28499
913	0,2855	0,29882	0,28501
914	0,2855	0,29918	0,28502
915	0,2855	0,29952	0,28504
916	0,2855	0,29982	0,28505
917	0,2855	0,30012	0,28507
918	0,2855	0,30036	0,28509
919	0,2855	0,30065	0,2851
920	0,2855	0,30091	0,28512
921	0,2855	0,30115	0,28514
922	0,2855	0,30136	0,28515
923	0,2855	0,30154	0,28517
924	0,2855	0,3017	0,28519
925	0,2855	0,30182	0,28521
926	0,2855	0,30195	0,28523
927	0,2855	0,30207	0,28524
928	0,2855	0,30218	0,28526
929	0,2855	0,30224	0,28528
930	0,2855	0,3023	0,2853
931	0,2855	0,3023	0,28532
932	0,2855	0,3023	0,28534
933	0,2855	0,30225	0,28535
934	0,2855	0,30224	0,28537
935	0,2855	0,30219	0,28539
936	0,2855	0,30213	0,28541
937	0,2855	0,30203	0,28543
938	0,2855	0,30191	0,28544
939	0,2855	0,30177	0,28546
940	0,2855	0,30159	0,28548
941	0,2855	0,30139	0,28549
942	0,2855	0,3012	0,28551
943	0,2855	0,30102	0,28553
944	0,2855	0,30079	0,28554
945	0,2855	0,30055	0,28556
946	0,2855	0,30028	0,28558
947	0,2855	0,29999	0,28559
948	0,2855	0,29969	0,28561
949	0,2855	0,29934	0,28562
950	0,2855	0,29898	0,28563
951	0,2855	0,29863	0,28565
952	0,2855	0,29821	0,28566
953	0,2855	0,29782	0,28567
954	0,2855	0,29746	0,28569
955	0,2855	0,29706	0,2857
956	0,2855	0,29665	0,28571
957	0,2855	0,29623	0,28572
958	0,2855	0,29581	0,28573
959	0,2855	0,29535	0,28574
960	0,2855	0,29488	0,28575
961	0,2855	0,2944	0,28576
962	0,2855	0,29392	0,28577
963	0,2855	0,29345	0,28578
964	0,2855	0,29297	0,28578
965	0,2855	0,29244	0,28579
966	0,2855	0,2919	0,2858
967	0,2855	0,29137	0,2858
968	0,2855	0,29083	0,28581
969	0,2855	0,29029	0,28581
970	0,2855	0,28976	0,28582
971	0,2855	0,28922	0,28582
972	0,2855	0,28868	0,28582
973	0,2855	0,28811	0,28583
974	0,2855	0,28751	0,28583
975	0,2855	0,28692	0,28583
976	0,2855	0,28632	0,28583
977	0,2855	0,28572	0,28583
978	0,2855	0,28516	0,28583
979	0,2855	0,28462	0,28583
980	0,2855	0,28409	0,28582
981	0,2855	0,28355	0,28582
982	0,2855	0,28301	0,28582
983	0,2855	0,28246	0,28582
984	0,2855	0,28191	0,28581
985	0,2855	0,28137	0,28581
986	0,2855	0,28084	0,2858
987	0,2855	0,2803	0,2858
988	0,2855	0,27981	0,28579
989	0,2855	0,27934	0,28578
990	0,2855	0,27884	0,28578
991	0,2855	0,27834	0,28577
992	0,2855	0,27786	0,28576
993	0,2855	0,27739	0,28575
994	0,2855	0,27696	0,28574
995	0,2855	0,27654	0,28574
996	0,2855	0,2761	0,28573
997	0,2855	0,27569	0,28572
998	0,2855	0,27527	0,28571
999	0,2855	0,2749	0,28569
1000	0,2855	0,27454	0,28568
1001	0,2855	0,2742	0,28567
1002	0,2855	0,27385	0,28566
1003	0,2855	0,27351	0,28565
1004	0,2855	0,27321	0,28564
1005	0,2855	0,27292	0,28562
1006	0,2855	0,27268	0,28561
1007	0,2855	0,27239	0,2856
1008	0,2855	0,27215	0,28558
1009	0,2855	0,27192	0,28557
1010	0,2855	0,27174	0,28556
1011	0,2855	0,27157	0,28554
1012	0,2855	0,27139	0,28553
1013	0,2855	0,27122	0,28551
1014	0,2855	0,2711	0,2855
1015	0,2855	0,27099	0,28549
1016	0,2855	0,27093	0,28547
1017	0,2855	0,27084	0,28546
1018	0,2855	0,27078	0,28544
1019	0,2855	0,27072	0,28543
1020	0,2855	0,27072	0,28541
1021	0,2855	0,27072	0,2854
1022	0,2855	0,27078	0,28539
1023	0,2855	0,27079	0,28537
1024	0,2855	0,27084	0,28536
1025	0,2855	0,2709	0,28534
1026	0,2855	0,27101	0,28533
1027	0,2855	0,27113	0,28531
1028	0,2855	0,27127	0,2853
1029	0,2855	0,27145	0,28529
1030	0,2855	0,27158	0,28527
1031	0,2855	0,27175	0,28526
1032	0,2855	0,27193	0,28525
1033	0,2855	0,27214	0,28524
1034	0,2855	0,27238	0,28522
1035	0,2855	0,27262	0,28521
1036	0,2855	0,2729	0,2852
1037	0,2855	0,2732	0,28519
1038	0,2855	0,2735	0,28518
1039	0,2855	0,27383	0,28517
1040	0,2855	0,27419	0,28515
1041	0,2855	0,27448	0,28514
1042	0,2855	0,27478	0,28513
1043	0,2855	0,27513	0,28513
1044	0,2855	0,27548	0,28512
1045	0,2855	0,27584	0,28511
1046	0,2855	0,2762	0,2851
1047	0,2855	0,27656	0,28509
1048	0,2855	0,27694	0,28508
1049	0,2855	0,27735	0,28508
1050	0,2855	0,27777	0,28507
1051	0,2855	0,27819	0,28506
1052	0,2855	0,27861	0,28506
1053	0,2855	0,27906	0,28505
1054	0,2855	0,27954	0,28504
1055	0,2855	0,28002	0,28504
1056	0,2855	0,28049	0,28504
1057	0,2855	0,28097	0,28503
1058	0,2855	0,28145	0,28503
1059	0,2855	0,28192	0,28503
1060	0,2855	0,2824	0,28502
1061	0,2855	0,28288	0,28502
1062	0,2855	0,28335	0,28502
1063	0,2855	0,28379	0,28502
1064	0,2855	0,28427	0,28502
1065	0,2855	0,28474	0,28502
1066	0,2855	0,28522	0,28502
1067	0,2855	0,2857	0,28502
1068	0,2855	0,28613	0,28502
1069	0,2855	0,28656	0,28502
1070	0,2855	0,28703	0,28502
1071	0,2855	0,28751	0,28502
1072	0,2855	0,28793	0,28503
1073	0,2855	0,28835	0,28503
1074	0,2855	0,28877	0,28503
1075	0,2855	0,2892	0,28504
1076	0,2855	0,28962	0,28504
1077	0,2855	0,29003	0,28505
1078	0,2855	0,29039	0,28505
1079	0,2855	0,29079	0,28506
1080	0,2855	0,29117	0,28506
1081	0,2855	0,29153	0,28507
1082	0,2855	0,29187	0,28507
1083	0,2855	0,29221	0,28508
1084	0,2855	0,29256	0,28509
1085	0,2855	0,29286	0,2851
1086	0,2855	0,29316	0,2851
1087	0,2855	0,29344	0,28511
1088	0,2855	0,29374	0,28512
1089	0,2855	0,29399	0,28513
1090	0,2855	0,29422	0,28514
1091	0,2855	0,29447	0,28514
1092	0,2855	0,2947	0,28515
1093	0,2855	0,29488	0,28516
1094	0,2855	0,29507	0,28517
1095	0,2855	0,29525	0,28518
1096	0,2855	0,29542	0,28519
1097	0,2855	0,29554	0,2852
1098	0,2855	0,29567	0,28521
1099	0,2855	0,29579	0,28522
1100	0,2855	0,29588	0,28523
1101	0,2855	0,29594	0,28524
1102	0,2855	0,29602	0,28525
1103	0,2855	0,29608	0,28526
1104	0,2855	0,2961	0,28527
1105	0,2855	0,2961	0,28528
1106	0,2855	0,2961	0,28529
1107	0,2855	0,2961	0,2853
1108	0,2855	0,29606	0,28531
1109	0,2855	0,296	0,28531
1110	0,2855	0,29593	0,28532
1111	0,2855	0,29587	0,28533
1112	0,2855	0,29577	0,28534
1113	0,2855	0,29565	0,28535
1114	0,2855	0,29551	0,28536
1115	0,2855	0,29537	0,28537
1116	0,2855	0,29525	0,28538
1117	0,2855	0,29507	0,28539
1118	0,2855	0,29489	0,2854
1119	0,2855	0,29468	0,28541
1120	0,2855	0,29444	0,28541
1121	0,2855	0,29426	0,28542
1122	0,2855	0,29403	0,28543
1123	0,2855	0,29379	0,28544
1124	0,2855	0,29355	0,28544
1125	0,2855	0,29327	0,28545
1126	0,2855	0,29297	0,28546
1127	0,2855	0,29267	0,28546
1128	0,2855	0,29237	0,28547
1129	0,2855	0,29204	0,28548
1130	0,2855	0,29174	0,28548
1131	0,2855	0,29144	0,28549
1132	0,2855	0,29114	0,28549
1133	0,2855	0,29084	0,2855
1134	0,2855	0,29051	0,2855
1135	0,2855	0,29015	0,2855
1136	0,2855	0,2898	0,28551
1137	0,2855	0,28944	0,28551
1138	0,2855	0,28908	0,28551
1139	0,2855	0,28872	0,28552
1140	0,2855	0,28837	0,28552
1141	0,2855	0,28801	0,28552
1142	0,2855	0,28765	0,28552
1143	0,2855	0,28729	0,28553
1144	0,2855	0,28692	0,28553
1145	0,2855	0,2865	0,28553
1146	0,2855	0,28608	0,28553
1147	0,2855	0,28567	0,28553
1148	0,2855	0,28531	0,28553
1149	0,2855	0,28496	0,28553
1150	0,2855	0,2846	0,28553
1151	0,2855	0,28424	0,28553
1152	0,2855	0,28388	0,28552
1153	0,2855	0,28352	0,28552
1154	0,2855	0,28316	0,28552
1155	0,2855	0,28281	0,28552
1156	0,2855	0,28245	0,28552
1157	0,2855	0,28215	0,28551
1158	0,2855	0,28183	0,28551
1159	0,2855	0,28147	0,28551
1160	0,2855	0,28117	0,2855
1161	0,2855	0,28087	0,2855
1162	0,2855	0,28059	0,28549
1163	0,2855	0,2803	0,28549
1164	0,2855	0,28001	0,28548
1165	0,2855	0,27975	0,28548
1166	0,2855	0,27951	0,28547
1167	0,2855	0,27926	0,28547
1168	0,2855	0,27902	0,28546
1169	0,2855	0,2788	0,28546
1170	0,2855	0,27862	0,28545
1171	0,2855	0,27839	0,28545
1172	0,2855	0,27821	0,28544
1173	0,2855	0,27805	0,28543
1174	0,2855	0,2779	0,28543
1175	0,2855	0,27774	0,28542
1176	0,2855	0,27762	0,28541
1177	0,2855	0,27751	0,28541
1178	0,2855	0,27739	0,2854
1179	0,2855	0,2773	0,28539
1180	0,2855	0,27724	0,28539
1181	0,2855	0,27717	0,28538
1182	0,2855	0,27711	0,28537
1183	0,2855	0,27711	0,28537
1184	0,2855	0,27707	0,28536
1185	0,2855	0,27707	0,28535
1186	0,2855	0,27708	0,28535
1187	0,2855	0,27712	0,28534
1188	0,2855	0,27714	0,28533
1189	0,2855	0,2772	0,28532
1190	0,2855	0,27729	0,28532
1191	0,2855	0,27735	0,28531
1192	0,2855	0,27745	0,2853
1193	0,2855	0,27757	0,2853
1194	0,2855	0,27769	0,28529
1195	0,2855	0,27781	0,28529
1196	0,2855	0,27798	0,28528
1197	0,2855	0,27815	0,28527
1198	0,2855	0,27832	0,28527
1199	0,2855	0,27849	0,28526
1200	0,2855	0,27871	0,28526
1201	0,2855	0,27893	0,28525
1202	0,2855	0,27913	0,28525
1203	0,2855	0,27937	0,28524
1204	0,2855	0,27961	0,28524
1205	0,2855	0,2799	0,28523
1206	0,2855	0,28014	0,28523
1207	0,2855	0,2804	0,28522
1208	0,2855	0,2807	0,28522
1209	0,2855	0,28099	0,28522
1210	0,2855	0,28131	0,28521
1211	0,2855	0,28161	0,28521
1212	0,2855	0,28191	0,28521
1213	0,2855	0,28221	0,28521
1214	0,2855	0,28255	0,2852
1215	0,2855	0,2829	0,2852
1216	0,2855	0,28326	0,2852
1217	0,2855	0,28362	0,2852
1218	0,2855	0,28392	0,2852
1219	0,2855	0,28426	0,2852
1220	0,2855	0,28462	0,2852
1221	0,2855	0,28497	0,2852
1222	0,2855	0,28533	0,2852
1223	0,2855	0,28569	0,2852
1224	0,2855	0,28605	0,2852
1225	0,2855	0,2864	0,2852
1226	0,2855	0,28676	0,2852
1227	0,2855	0,28712	0,2852
1228	0,2855	0,28748	0,2852
1229	0,2855	0,28783	0,2852
1230	0,2855	0,28819	0,28521
1231	0,2855	0,28855	0,28521
1232	0,2855	0,28891	0,28521
1233	0,2855	0,28926	0,28522
1234	0,2855	0,28962	0,28522
1235	0,2855	0,28992	0,28522
1236	0,2855	0,29022	0,28523
1237	0,2855	0,29052	0,28523
1238	0,2855	0,29082	0,28524
1239	0,2855	0,29112	0,28524
1240	0,2855	0,29139	0,28525
1241	0,2855	0,29169	0,28525
1242	0,2855	0,29199	0,28526
1243	0,2855	0,29227	0,28526
1244	0,2855	0,2925	0,28527
1245	0,2855	0,29274	0,28527
1246	0,2855	0,29296	0,28528
1247	0,2855	0,29318	0,28529
1248	0,2855	0,29342	0,28529
1249	0,2855	0,29361	0,2853
1250	0,2855	0,29379	0,28531
1251	0,2855	0,29395	0,28531
1252	0,2855	0,29411	0,28532
1253	0,2855	0,29428	0,28533
1254	0,2855	0,2944	0,28533
1255	0,2855	0,29452	0,28534
1256	0,2855	0,2946	0,28535
1257	0,2855	0,29472	0,28536
1258	0,2855	0,29479	0,28536
1259	0,2855	0,29485	0,28537
1260	0,2855	0,29488	0,28538
1261	0,2855	0,29494	0,28539
1262	0,2855	0,29495	0,28539
1263	0,2855	0,29495	0,2854
1264	0,2855	0,29492	0,28541
1265	0,2855	0,29491	0,28542
1266	0,2855	0,29485	0,28542
1267	0,2855	0,29478	0,28543
1268	0,2855	0,29472	0,28544
1269	0,2855	0,29464	0,28545
1270	0,2855	0,29452	0,28545
1271	0,2855	0,29439	0,28546
1272	0,2855	0,29427	0,28547
1273	0,2855	0,29411	0,28547
1274	0,2855	0,29394	0,28548
1275	0,2855	0,29377	0,28549
1276	0,2855	0,29359	0,28549
1277	0,2855	0,29336	0,2855
1278	0,2855	0,29314	0,28551
1279	0,2855	0,29291	0,28551
1280	0,2855	0,29267	0,28552
1281	0,2855	0,29238	0,28552
1282	0,2855	0,29213	0,28553
1283	0,2855	0,29184	0,28553
1284	0,2855	0,29154	0,28554
1285	0,2855	0,29121	0,28554
1286	0,2855	0,29091	0,28555
1287	0,2855	0,29058	0,28555
1288	0,2855	0,29023	0,28555
1289	0,2855	0,28988	0,28556
1290	0,2855	0,28952	0,28556
1291	0,2855	0,28916	0,28556
1292	0,2855	0,28878	0,28557
1293	0,2855	0,28836	0,28557
1294	0,2855	0,288	0,28557
1295	0,2855	0,28761	0,28557
1296	0,2855	0,28719	0,28557
1297	0,2855	0,28677	0,28557
1298	0,2855	0,28635	0,28557
1299	0,2855	0,28593	0,28557
1300	0,2855	0,28551	0,28557
1301	0,2855	0,28509	0,28557
1302	0,2855	0,28468	0,28557
1303	0,2855	0,28422	0,28557
1304	0,2855	0,28374	0,28557
1305	0,2855	0,28332	0,28557
1306	0,2855	0,2829	0,28557
1307	0,2855	0,28248	0,28556
1308	0,2855	0,28206	0,28556
1309	0,2855	0,28165	0,28556
1310	0,2855	0,28123	0,28556
1311	0,2855	0,28081	0,28555
1312	0,2855	0,2804	0,28555
1313	0,2855	0,27998	0,28554
1314	0,2855	0,27956	0,28554
1315	0,2855	0,27914	0,28553
1316	0,2855	0,27873	0,28553
1317	0,2855	0,27837	0,28552
1318	0,2855	0,27801	0,28552
1319	0,2855	0,27765	0,28551
1320	0,2855	0,2773	0,28551
1321	0,2855	0,27694	0,2855
1322	0,2855	0,2766	0,28549
1323	0,2855	0,2763	0,28549
1324	0,2855	0,27594	0,28548
1325	0,2855	0,27558	0,28547
1326	0,2855	0,27523	0,28546
1327	0,2855	0,27492	0,28546
1328	0,2855	0,27462	0,28545
1329	0,2855	0,27432	0,28544
1330	0,2855	0,27404	0,28543
1331	0,2855	0,2738	0,28542
1332	0,2855	0,27357	0,28541
1333	0,2855	0,27335	0,2854
1334	0,2855	0,27317	0,28539
1335	0,2855	0,27299	0,28539
1336	0,2855	0,2728	0,28538
1337	0,2855	0,27263	0,28537
1338	0,2855	0,27246	0,28536
1339	0,2855	0,27234	0,28535
1340	0,2855	0,27222	0,28534
1341	0,2855	0,27216	0,28533
1342	0,2855	0,27209	0,28532
1343	0,2855	0,27201	0,28531
1344	0,2855	0,27196	0,2853
1345	0,2855	0,27193	0,28529
1346	0,2855	0,27193	0,28528
1347	0,2855	0,27197	0,28527
1348	0,2855	0,27198	0,28526
1349	0,2855	0,27202	0,28525
1350	0,2855	0,27208	0,28524
1351	0,2855	0,27217	0,28523
1352	0,2855	0,27229	0,28522
1353	0,2855	0,27239	0,28521
1354	0,2855	0,27251	0,2852
1355	0,2855	0,27267	0,28519
1356	0,2855	0,27285	0,28518
1357	0,2855	0,27306	0,28517
1358	0,2855	0,27323	0,28516
1359	0,2855	0,27346	0,28516
1360	0,2855	0,2737	0,28515
1361	0,2855	0,27399	0,28514
1362	0,2855	0,27423	0,28513
1363	0,2855	0,27452	0,28512
1364	0,2855	0,27482	0,28512
1365	0,2855	0,27516	0,28511
1366	0,2855	0,27549	0,2851
1367	0,2855	0,27583	0,28509
1368	0,2855	0,27618	0,28509
1369	0,2855	0,27656	0,28508
1370	0,2855	0,27698	0,28508
1371	0,2855	0,27736	0,28507
1372	0,2855	0,27777	0,28506
1373	0,2855	0,27819	0,28506
1374	0,2855	0,27864	0,28506
1375	0,2855	0,27912	0,28505
1376	0,2855	0,27955	0,28505
1377	0,2855	0,28001	0,28504
1378	0,2855	0,28049	0,28504
1379	0,2855	0,28097	0,28504
1380	0,2855	0,28149	0,28503
1381	0,2855	0,28201	0,28503
1382	0,2855	0,28249	0,28503
1383	0,2855	0,28297	0,28503
1384	0,2855	0,28351	0,28503
1385	0,2855	0,28405	0,28503
1386	0,2855	0,28458	0,28503
1387	0,2855	0,28512	0,28503
1388	0,2855	0,28564	0,28503
1389	0,2855	0,28618	0,28503
1390	0,2855	0,28672	0,28503
1391	0,2855	0,28725	0,28503
1392	0,2855	0,28779	0,28503
1393	0,2855	0,28833	0,28504
1394	0,2855	0,28886	0,28504
1395	0,2855	0,2894	0,28504
1396	0,2855	0,28994	0,28504
1397	0,2855	0,29047	0,28505
1398	0,2855	0,29101	0,28505
1399	0,2855	0,29149	0,28506
1400	0,2855	0,29197	0,28506
1401	0,2855	0,29244	0,28507
1402	0,2855	0,29292	0,28507
1403	0,2855	0,2934	0,28508
1404	0,2855	0,29387	0,28509
1405	0,2855	0,29435	0,28509
1406	0,2855	0,29481	0,2851
1407	0,2855	0,29523	0,28511
1408	0,2855	0,29564	0,28511
1409	0,2855	0,29606	0,28512
1410	0,2855	0,29648	0,28513
1411	0,2855	0,29687	0,28514
1412	0,2855	0,29723	0,28515
1413	0,2855	0,29759	0,28516
1414	0,2855	0,29794	0,28516
1415	0,2855	0,2983	0,28517
1416	0,2855	0,29866	0,28518
1417	0,2855	0,29901	0,28519
1418	0,2855	0,29933	0,2852
1419	0,2855	0,29963	0,28521
1420	0,2855	0,29993	0,28522
1421	0,2855	0,30018	0,28523
1422	0,2855	0,30041	0,28524
1423	0,2855	0,30063	0,28526
1424	0,2855	0,30081	0,28527
1425	0,2855	0,30099	0,28528
1426	0,2855	0,30113	0,28529
1427	0,2855	0,30131	0,2853
1428	0,2855	0,30145	0,28531
1429	0,2855	0,30157	0,28532
1430	0,2855	0,30166	0,28533
1431	0,2855	0,30172	0,28535
1432	0,2855	0,30176	0,28536
1433	0,2855	0,30176	0,28537
1434	0,2855	0,30178	0,28538
1435	0,2855	0,30178	0,28539
1436	0,2855	0,30177	0,2854
1437	0,2855	0,30171	0,28541
1438	0,2855	0,30165	0,28542
1439	0,2855	0,30153	0,28544
1440	0,2855	0,30141	0,28545
1441	0,2855	0,30127	0,28546
1442	0,2855	0,30115	0,28547
1443	0,2855	0,30098	0,28548
1444	0,2855	0,3008	0,28549
1445	0,2855	0,30057	0,2855
1446	0,2855	0,30033	0,28551
1447	0,2855	0,30006	0,28552
1448	0,2855	0,29982	0,28553
1449	0,2855	0,29955	0,28554
1450	0,2855	0,29925	0,28555
1451	0,2855	0,29894	0,28556
1452	0,2855	0,29858	0,28557
1453	0,2855	0,29822	0,28558
1454	0,2855	0,29781	0,28559
1455	0,2855	0,29746	0,28559
1456	0,2855	0,29708	0,2856
1457	0,2855	0,29666	0,28561
1458	0,2855	0,29624	0,28562
1459	0,2855	0,29579	0,28562
1460	0,2855	0,29531	0,28563
1461	0,2855	0,29483	0,28564
1462	0,2855	0,29432	0,28564
1463	0,2855	0,29384	0,28565
1464	0,2855	0,29336	0,28565
1465	0,2855	0,29287	0,28566
1466	0,2855	0,29234	0,28566
1467	0,2855	0,2918	0,28567
1468	0,2855	0,29126	0,28567
1469	0,2855	0,29073	0,28567
1470	0,2855	0,29014	0,28568
1471	0,2855	0,28955	0,28568
1472	0,2855	0,28895	0,28568
1473	0,2855	0,28836	0,28568
1474	0,2855	0,28776	0,28569
1475	0,2855	0,28717	0,28569
1476	0,2855	0,28663	0,28569
1477	0,2855	0,2861	0,28569
1478	0,2855	0,28554	0,28569
1479	0,2855	0,28494	0,28569
1480	0,2855	0,28434	0,28569
1481	0,2855	0,28375	0,28568
1482	0,2855	0,28315	0,28568
1483	0,2855	0,28258	0,28568
1484	0,2855	0,28205	0,28568
1485	0,2855	0,28151	0,28568
1486	0,2855	0,28097	0,28567
1487	0,2855	0,28044	0,28567
1488	0,2855	0,2799	0,28566
1489	0,2855	0,27936	0,28566
1490	0,2855	0,27883	0,28566
1491	0,2855	0,27824	0,28565
1492	0,2855	0,2777	0,28565
1493	0,2855	0,27717	0,28564
1494	0,2855	0,27663	0,28563
1495	0,2855	0,27609	0,28563
1496	0,2855	0,27559	0,28562
1497	0,2855	0,27512	0,28561
1498	0,2855	0,27464	0,28561
1499	0,2855	0,27417	0,2856
1500	0,2855	0,27376	0,28559
1501	0,2855	0,27334	0,28558
1502	0,2855	0,27293	0,28557
1503	0,2855	0,27257	0,28557
1504	0,2855	0,27217	0,28556
1505	0,2855	0,27177	0,28555
1506	0,2855	0,27142	0,28554
1507	0,2855	0,27106	0,28553
1508	0,2855	0,27076	0,28552
1509	0,2855	0,27046	0,28551
1510	0,2855	0,27019	0,2855
1511	0,2855	0,26995	0,28549
1512	0,2855	0,26971	0,28548
1513	0,2855	0,26947	0,28547
1514	0,2855	0,26924	0,28546
1515	0,2855	0,26906	0,28545
1516	0,2855	0,26888	0,28543
1517	0,2855	0,26875	0,28542
1518	0,2855	0,26863	0,28541
1519	0,2855	0,26856	0,2854
1520	0,2855	0,26846	0,28539
1521	0,2855	0,26838	0,28538
1522	0,2855	0,26832	0,28537
1523	0,2855	0,2683	0,28536
1524	0,2855	0,2683	0,28535
1525	0,2855	0,26833	0,28533
1526	0,2855	0,26839	0,28532
1527	0,2855	0,26846	0,28531
1528	0,2855	0,26852	0,2853
1529	0,2855	0,26859	0,28529
1530	0,2855	0,26871	0,28528
1531	0,2855	0,26884	0,28527
1532	0,2855	0,26902	0,28526
1533	0,2855	0,2692	0,28525
1534	0,2855	0,26942	0,28524
1535	0,2855	0,26966	0,28523
1536	0,2855	0,26989	0,28522
1537	0,2855	0,27013	0,28521
1538	0,2855	0,27037	0,2852
1539	0,2855	0,27066	0,28519
1540	0,2855	0,27096	0,28518
1541	0,2855	0,27128	0,28517
1542	0,2855	0,27164	0,28516
1543	0,2855	0,272	0,28515
1544	0,2855	0,27238	0,28514
1545	0,2855	0,2728	0,28514
1546	0,2855	0,27322	0,28513
1547	0,2855	0,27365	0,28512
1548	0,2855	0,27412	0,28511
1549	0,2855	0,27456	0,28511
1550	0,2855	0,27497	0,2851
1551	0,2855	0,2754	0,28509
1552	0,2855	0,27588	0,28509
1553	0,2855	0,27635	0,28508
1554	0,2855	0,27683	0,28508
1555	0,2855	0,27731	0,28507
1556	0,2855	0,27778	0,28507
1557	0,2855	0,27827	0,28506
1558	0,2855	0,27881	0,28506
1559	0,2855	0,27934	0,28506
1560	0,2855	0,27988	0,28505
1561	0,2855	0,28042	0,28505
1562	0,2855	0,28095	0,28505
1563	0,2855	0,28153	0,28505
1564	0,2855	0,28213	0,28504
1565	0,2855	0,28272	0,28504
1566	0,2855	0,28332	0,28504
1567	0,2855	0,28392	0,28504
1568	0,2855	0,28451	0,28504
1569	0,2855	0,28511	0,28504
1570	0,2855	0,28567	0,28504
1571	0,2855	0,2862	0,28504
1572	0,2855	0,28674	0,28504
1573	0,2855	0,28728	0,28504
1574	0,2855	0,28781	0,28505
1575	0,2855	0,28839	0,28505
1576	0,2855	0,28894	0,28505
1577	0,2855	0,28948	0,28505
1578	0,2855	0,29002	0,28506
1579	0,2855	0,29055	0,28506
1580	0,2855	0,29105	0,28506
1581	0,2855	0,29152	0,28507
1582	0,2855	0,29202	0,28507
1583	0,2855	0,29253	0,28508
1584	0,2855	0,29301	0,28508
1585	0,2855	0,29348	0,28509
1586	0,2855	0,29392	0,28509
1587	0,2855	0,29434	0,2851
1588	0,2855	0,29478	0,2851
1589	0,2855	0,29519	0,28511
1590	0,2855	0,29561	0,28512
1591	0,2855	0,29599	0,28512
1592	0,2855	0,29635	0,28513
1593	0,2855	0,29669	0,28514
1594	0,2855	0,29704	0,28515
1595	0,2855	0,29739	0,28515
1596	0,2855	0,29769	0,28516
1597	0,2855	0,29799	0,28517
1598	0,2855	0,29823	0,28518
1599	0,2855	0,2985	0,28519
1600	0,2855	0,29874	0,28519
1601	0,2855	0,29898	0,2852
1602	0,2855	0,29917	0,28521
1603	0,2855	0,29935	0,28522
1604	0,2855	0,29949	0,28523
1605	0,2855	0,29967	0,28524
1606	0,2855	0,2998	0,28525
1607	0,2855	0,29992	0,28526
1608	0,2855	0,29999	0,28527
1609	0,2855	0,30005	0,28527
1610	0,2855	0,30011	0,28528
1611	0,2855	0,30017	0,28529
1612	0,2855	0,30018	0,2853
1613	0,2855	0,30018	0,28531
1614	0,2855	0,30014	0,28532
1615	0,2855	0,30008	0,28533
1616	0,2855	0,30003	0,28534
1617	0,2855	0,29998	0,28535
1618	0,2855	0,29989	0,28536
1619	0,2855	0,29977	0,28537
1620	0,2855	0,29964	0,28537
1621	0,2855	0,29946	0,28538
1622	0,2855	0,29929	0,28539
1623	0,2855	0,29909	0,2854
1624	0,2855	0,29891	0,28541
1625	0,2855	0,29873	0,28542
1626	0,2855	0,29849	0,28543
1627	0,2855	0,29825	0,28543
1628	0,2855	0,29799	0,28544
1629	0,2855	0,29769	0,28545
1630	0,2855	0,29739	0,28546
1631	0,2855	0,29709	0,28546
1632	0,2855	0,29673	0,28547
1633	0,2855	0,29637	0,28548
1634	0,2855	0,29601	0,28548
1635	0,2855	0,29564	0,28549
1636	0,2855	0,29522	0,28549
1637	0,2855	0,29481	0,2855
1638	0,2855	0,29439	0,28551
1639	0,2855	0,29397	0,28551
1640	0,2855	0,29355	0,28552
1641	0,2855	0,29311	0,28552
1642	0,2855	0,29263	0,28552
1643	0,2855	0,29215	0,28553
1644	0,2855	0,29168	0,28553
1645	0,2855	0,2912	0,28554
1646	0,2855	0,29072	0,28554
1647	0,2855	0,29025	0,28554
1648	0,2855	0,28977	0,28554
1649	0,2855	0,28929	0,28555
1650	0,2855	0,28881	0,28555
1651	0,2855	0,28834	0,28555
1652	0,2855	0,28786	0,28555
1653	0,2855	0,28738	0,28555
1654	0,2855	0,28695	0,28555
1655	0,2855	0,28647	0,28555
1656	0,2855	0,28599	0,28555
1657	0,2855	0,28552	0,28555
1658	0,2855	0,28504	0,28555
1659	0,2855	0,28456	0,28555
1660	0,2855	0,28415	0,28555
1661	0,2855	0,2837	0,28555
1662	0,2855	0,28323	0,28555
1663	0,2855	0,28276	0,28555
1664	0,2855	0,28234	0,28555
1665	0,2855	0,28193	0,28554
1666	0,2855	0,2815	0,28554
1667	0,2855	0,28108	0,28554
1668	0,2855	0,28066	0,28554
1669	0,2855	0,28026	0,28553
1670	0,2855	0,2799	0,28553
1671	0,2855	0,27951	0,28553
1672	0,2855	0,27913	0,28552
1673	0,2855	0,27877	0,28552
1674	0,2855	0,27844	0,28551
1675	0,2855	0,27811	0,28551
1676	0,2855	0,27776	0,28551
1677	0,2855	0,27747	0,2855
1678	0,2855	0,27717	0,2855
1679	0,2855	0,2769	0,28549
1680	0,2855	0,27661	0,28549
1681	0,2855	0,27636	0,28548
1682	0,2855	0,27613	0,28547
1683	0,2855	0,27591	0,28547
1684	0,2855	0,27567	0,28546
1685	0,2855	0,27549	0,28546
1686	0,2855	0,27532	0,28545
1687	0,2855	0,27515	0,28544
1688	0,2855	0,27498	0,28544
1689	0,2855	0,27487	0,28543
1690	0,2855	0,27476	0,28543
1691	0,2855	0,27465	0,28542
1692	0,2855	0,27455	0,28541
1693	0,2855	0,27449	0,28541
1694	0,2855	0,27446	0,2854
1695	0,2855	0,2744	0,28539
1696	0,2855	0,27437	0,28539
1697	0,2855	0,27437	0,28538
1698	0,2855	0,27441	0,28537
1699	0,2855	0,27442	0,28537
1700	0,2855	0,27445	0,28536
1701	0,2855	0,27451	0,28536
1702	0,2855	0,27461	0,28535
1703	0,2855	0,2747	0,28534
1704	0,2855	0,27479	0,28534
1705	0,2855	0,2749	0,28533
1706	0,2855	0,27504	0,28532
1707	0,2855	0,27522	0,28532
1708	0,2855	0,27537	0,28531
1709	0,2855	0,27554	0,28531
1710	0,2855	0,27572	0,2853
1711	0,2855	0,27592	0,2853
1712	0,2855	0,27616	0,28529
1713	0,2855	0,2764	0,28529
1714	0,2855	0,27666	0,28528
1715	0,2855	0,2769	0,28528
1716	0,2855	0,27714	0,28527
1717	0,2855	0,2774	0,28527
1718	0,2855	0,2777	0,28526
1719	0,2855	0,278	0,28526
1720	0,2855	0,27829	0,28525
1721	0,2855	0,27862	0,28525
1722	0,2855	0,27897	0,28525
1723	0,2855	0,27933	0,28524
1724	0,2855	0,27969	0,28524
1725	0,2855	0,28005	0,28524
1726	0,2855	0,2804	0,28523
1727	0,2855	0,28078	0,28523
1728	0,2855	0,2812	0,28523
1729	0,2855	0,28161	0,28523
1730	0,2855	0,28203	0,28522
1731	0,2855	0,28245	0,28522
1732	0,2855	0,28286	0,28522
1733	0,2855	0,28328	0,28522
1734	0,2855	0,2837	0,28522
1735	0,2855	0,28412	0,28522
1736	0,2855	0,28453	0,28522
1737	0,2855	0,28495	0,28522
1738	0,2855	0,28532	0,28522
1739	0,2855	0,28568	0,28522
1740	0,2855	0,28604	0,28522
1741	0,2855	0,28639	0,28522
1742	0,2855	0,28675	0,28522
1743	0,2855	0,28713	0,28522
1744	0,2855	0,2875	0,28522
1745	0,2855	0,28786	0,28522
1746	0,2855	0,28822	0,28523
1747	0,2855	0,28858	0,28523
1748	0,2855	0,28889	0,28523
1749	0,2855	0,2892	0,28523
1750	0,2855	0,28955	0,28523
1751	0,2855	0,28988	0,28524
1752	0,2855	0,29018	0,28524
1753	0,2855	0,29047	0,28524
1754	0,2855	0,29074	0,28525
1755	0,2855	0,29104	0,28525
1756	0,2855	0,29132	0,28525
1757	0,2855	0,29156	0,28526
1758	0,2855	0,2918	0,28526
1759	0,2855	0,29205	0,28526
1760	0,2855	0,29228	0,28527
1761	0,2855	0,29248	0,28527
1762	0,2855	0,29267	0,28528
1763	0,2855	0,29287	0,28528
1764	0,2855	0,29305	0,28529
1765	0,2855	0,29319	0,28529
1766	0,2855	0,29334	0,28529
1767	0,2855	0,29348	0,2853
1768	0,2855	0,2936	0,2853
1769	0,2855	0,29368	0,28531
1770	0,2855	0,2938	0,28531
1771	0,2855	0,29387	0,28532
1772	0,2855	0,29393	0,28532
1773	0,2855	0,29397	0,28533
1774	0,2855	0,29402	0,28533
1775	0,2855	0,29402	0,28534
1776	0,2855	0,29402	0,28534
1777	0,2855	0,29402	0,28535
1778	0,2855	0,29399	0,28535
1779	0,2855	0,29393	0,28536
1780	0,2855	0,29389	0,28536
1781	0,2855	0,29383	0,28537
1782	0,2855	0,29373	0,28537
1783	0,2855	0,29363	0,28538
1784	0,2855	0,29353	0,28538
1785	0,2855	0,29341	0,28539
1786	0,2855	0,29324	0,28539
1787	0,2855	0,29311	0,28539
1788	0,2855	0,29294	0,2854
1789	0,2855	0,29276	0,2854
1790	0,2855	0,29254	0,28541
1791	0,2855	0,29236	0,28541
1792	0,2855	0,29215	0,28541
1793	0,2855	0,29191	0,28542
1794	0,2855	0,29166	0,28542
1795	0,2855	0,29141	0,28542
1796	0,2855	0,29118	0,28543
1797	0,2855	0,29089	0,28543
1798	0,2855	0,29059	0,28543
1799	0,2855	0,29031	0,28544
1800	0,2855	0,29001	0,28544
1801	0,2855	0,28971	0,28544
1802	0,2855	0,28942	0,28544
1803	0,2855	0,28906	0,28545
1804	0,2855	0,28871	0,28545
1805	0,2855	0,28838	0,28545
1806	0,2855	0,28808	0,28545
1807	0,2855	0,28772	0,28545
1808	0,2855	0,28736	0,28545
1809	0,2855	0,287	0,28545
1810	0,2855	0,28665	0,28545
1811	0,2855	0,28629	0,28545
1812	0,2855	0,28591	0,28545
1813	0,2855	0,28549	0,28545
1814	0,2855	0,28508	0,28545
1815	0,2855	0,28472	0,28545
1816	0,2855	0,28436	0,28545
1817	0,2855	0,28401	0,28545
1818	0,2855	0,28365	0,28545
1819	0,2855	0,28329	0,28545
1820	0,2855	0,28293	0,28545
1821	0,2855	0,28258	0,28545
1822	0,2855	0,28222	0,28545
1823	0,2855	0,28186	0,28544
1824	0,2855	0,28151	0,28544
1825	0,2855	0,28121	0,28544
1826	0,2855	0,28091	0,28544
1827	0,2855	0,28055	0,28543
1828	0,2855	0,28019	0,28543
1829	0,2855	0,27983	0,28543
1830	0,2855	0,2795	0,28542
1831	0,2855	0,2792	0,28542
1832	0,2855	0,2789	0,28542
1833	0,2855	0,27861	0,28541
1834	0,2855	0,27834	0,28541
1835	0,2855	0,27811	0,28541
1836	0,2855	0,27783	0,2854
1837	0,2855	0,27756	0,2854
1838	0,2855	0,27732	0,28539
1839	0,2855	0,27708	0,28539
1840	0,2855	0,27688	0,28538
1841	0,2855	0,2767	0,28538
1842	0,2855	0,27649	0,28538
1843	0,2855	0,27631	0,28537
1844	0,2855	0,27613	0,28537
1845	0,2855	0,27601	0,28536
1846	0,2855	0,27589	0,28535
1847	0,2855	0,27575	0,28535
1848	0,2855	0,27563	0,28534
1849	0,2855	0,27554	0,28534
1850	0,2855	0,27548	0,28533
1851	0,2855	0,27541	0,28533
1852	0,2855	0,27535	0,28532
1853	0,2855	0,27532	0,28532
1854	0,2855	0,27532	0,28531
1855	0,2855	0,27531	0,28531
1856	0,2855	0,27531	0,2853
1857	0,2855	0,27536	0,2853
1858	0,2855	0,27541	0,28529
1859	0,2855	0,27546	0,28529
1860	0,2855	0,27552	0,28528
1861	0,2855	0,27564	0,28528
1862	0,2855	0,27574	0,28527
1863	0,2855	0,27586	0,28526
1864	0,2855	0,27599	0,28526
1865	0,2855	0,27617	0,28526
1866	0,2855	0,27632	0,28525
1867	0,2855	0,2765	0,28525
1868	0,2855	0,2767	0,28524
1869	0,2855	0,27693	0,28524
1870	0,2855	0,27713	0,28523
1871	0,2855	0,27737	0,28523
1872	0,2855	0,27763	0,28522
1873	0,2855	0,27791	0,28522
1874	0,2855	0,27816	0,28522
1875	0,2855	0,27846	0,28521
1876	0,2855	0,27877	0,28521
1877	0,2855	0,27909	0,28521
1878	0,2855	0,27939	0,2852
1879	0,2855	0,27974	0,2852
1880	0,2855	0,2801	0,2852
1881	0,2855	0,28046	0,28519
1882	0,2855	0,28081	0,28519
1883	0,2855	0,28117	0,28519
1884	0,2855	0,28157	0,28519
1885	0,2855	0,28199	0,28519
1886	0,2855	0,28236	0,28519
1887	0,2855	0,28276	0,28518
1888	0,2855	0,28317	0,28518
1889	0,2855	0,28359	0,28518
1890	0,2855	0,28401	0,28518
1891	0,2855	0,28447	0,28518
1892	0,2855	0,28489	0,28518
1893	0,2855	0,2853	0,28518
1894	0,2855	0,28572	0,28518
1895	0,2855	0,28615	0,28518
1896	0,2855	0,28663	0,28518
1897	0,2855	0,2871	0,28518
1898	0,2855	0,28758	0,28518
1899	0,2855	0,288	0,28519
1900	0,2855	0,28841	0,28519
1901	0,2855	0,28883	0,28519
1902	0,2855	0,28925	0,28519
1903	0,2855	0,28966	0,28519
1904	0,2855	0,29008	0,2852
1905	0,2855	0,2905	0,2852
1906	0,2855	0,29092	0,2852
1907	0,2855	0,29133	0,28521
1908	0,2855	0,29175	0,28521
1909	0,2855	0,29217	0,28521
1910	0,2855	0,29259	0,28522
1911	0,2855	0,293	0,28522
1912	0,2855	0,2934	0,28523
1913	0,2855	0,29376	0,28523
1914	0,2855	0,29412	0,28523
1915	0,2855	0,29448	0,28524
1916	0,2855	0,29483	0,28524
1917	0,2855	0,29517	0,28525
1918	0,2855	0,29547	0,28525
1919	0,2855	0,29577	0,28526
1920	0,2855	0,29607	0,28527
1921	0,2855	0,29632	0,28527
1922	0,2855	0,29656	0,28528
1923	0,2855	0,29682	0,28528
1924	0,2855	0,29708	0,28529
1925	0,2855	0,29731	0,2853
1926	0,2855	0,29755	0,2853
1927	0,2855	0,29773	0,28531
1928	0,2855	0,29791	0,28532
1929	0,2855	0,29807	0,28532
1930	0,2855	0,29819	0,28533
1931	0,2855	0,29834	0,28534
1932	0,2855	0,29845	0,28534
1933	0,2855	0,29857	0,28535
1934	0,2855	0,29864	0,28536
1935	0,2855	0,2987	0,28536
1936	0,2855	0,29872	0,28537
1937	0,2855	0,29876	0,28538
1938	0,2855	0,29878	0,28538
1939	0,2855	0,29878	0,28539
1940	0,2855	0,29875	0,2854
1941	0,2855	0,29869	0,2854
1942	0,2855	0,29862	0,28541
1943	0,2855	0,29856	0,28542
1944	0,2855	0,29847	0,28542
1945	0,2855	0,29835	0,28543
1946	0,2855	0,29819	0,28544
1947	0,2855	0,29805	0,28544
1948	0,2855	0,29789	0,28545
1949	0,2855	0,29771	0,28546
1950	0,2855	0,29749	0,28546
1951	0,2855	0,29726	0,28547
1952	0,2855	0,29704	0,28547
1953	0,2855	0,2968	0,28548
1954	0,2855	0,29652	0,28549
1955	0,2855	0,29622	0,28549
1956	0,2855	0,29592	0,2855
1957	0,2855	0,29562	0,2855
1958	0,2855	0,2953	0,28551
1959	0,2855	0,29494	0,28551
1960	0,2855	0,29457	0,28552
1961	0,2855	0,29419	0,28552
1962	0,2855	0,29384	0,28553
1963	0,2855	0,29343	0,28553
1964	0,2855	0,29301	0,28553
1965	0,2855	0,29257	0,28554
1966	0,2855	0,29213	0,28554
1967	0,2855	0,29172	0,28554
1968	0,2855	0,29127	0,28555
1969	0,2855	0,29079	0,28555
1970	0,2855	0,29031	0,28555
1971	0,2855	0,28981	0,28555
1972	0,2855	0,28933	0,28556
1973	0,2855	0,28885	0,28556
1974	0,2855	0,28837	0,28556
1975	0,2855	0,28785	0,28556
1976	0,2855	0,28731	0,28556
1977	0,2855	0,28677	0,28556
1978	0,2855	0,28624	0,28556
1979	0,2855	0,28576	0,28556
1980	0,2855	0,28523	0,28556
1981	0,2855	0,2847	0,28556
1982	0,2855	0,28416	0,28556
1983	0,2855	0,28362	0,28556
1984	0,2855	0,28309	0,28556
1985	0,2855	0,28255	0,28556
1986	0,2855	0,28201	0,28555
1987	0,2855	0,28148	0,28555
1988	0,2855	0,28094	0,28555
1989	0,2855	0,2804	0,28555
1990	0,2855	0,27987	0,28554
1991	0,2855	0,27939	0,28554
1992	0,2855	0,27891	0,28554
1993	0,2855	0,27844	0,28553
1994	0,2855	0,27796	0,28553
1995	0,2855	0,27748	0,28553
1996	0,2855	0,27701	0,28552
1997	0,2855	0,27657	0,28552
1998	0,2855	0,27615	0,28551
1999	0,2855	0,27573	0,28551
2000	0,2855	0,27532	0,2855
