QEq 0.08726
0.08727 0.08727
0.08732 0.08729
0.08739 0.08733
0.08750 0.08737
0.08763 0.08742
0.08779 0.08748
0.08798 0.08755
0.08820 0.08763
0.08845 0.08772
0.08873 0.08782
0.08903 0.08793
0.08936 0.08805
0.08972 0.08818
0.09011 0.08832
0.09052 0.08847
0.09096 0.08862
0.09142 0.08879
0.09191 0.08896
0.09242 0.08914
0.09296 0.08933
0.09351 0.08953
0.09410 0.08974
0.09470 0.08995
0.09533 0.09018
0.09597 0.09041
0.09663 0.09065
0.09731 0.09090
0.09801 0.09115
0.09873 0.09141
0.09947 0.09168
0.10021 0.09196
0.10097 0.09224
0.10175 0.09253
0.10254 0.09282
0.10334 0.09312
0.10415 0.09343
0.10497 0.09374
0.10580 0.09406
0.10664 0.09438
0.10748 0.09471
0.10832 0.09504
0.10920 0.09538
0.11003 0.09572
0.11091 0.09606
0.11178 0.09641
0.11261 0.09676
0.11346 0.09712
0.11435 0.09748
0.11525 0.09784
0.11614 0.09821
0.11700 0.09857
0.11783 0.09894
0.11867 0.09932
0.11949 0.09969
0.12032 0.10007
0.12113 0.10044
0.12193 0.10082
0.12272 0.10120
0.12350 0.10157
0.12426 0.10195
0.12502 0.10233
0.12575 0.10271
0.12647 0.10309
0.12716 0.10346
0.12785 0.10384
0.12851 0.10421
0.12915 0.10458
0.12978 0.10495
0.13038 0.10532
0.13097 0.10569
0.13152 0.10605
0.13205 0.10641
0.13256 0.10677
0.13305 0.10713
0.13351 0.10748
0.13393 0.10783
0.13434 0.10817
0.13472 0.10851
0.13507 0.10885
0.13539 0.10918
0.13568 0.10951
0.13594 0.10983
0.13618 0.11015
0.13638 0.11046
0.13655 0.11077
0.13669 0.11107
0.13680 0.11136
0.13688 0.11165
0.13693 0.11194
0.13695 0.11221
0.13693 0.11249
0.13688 0.11275
0.13681 0.11301
0.13669 0.11326
0.13655 0.11351
0.13638 0.11375
0.13617 0.11398
0.13593 0.11420
0.13566 0.11442
0.13536 0.11463
0.13503 0.11483
0.13467 0.11502
0.13427 0.11521
0.13385 0.11539
0.13340 0.11556
0.13291 0.11572
0.13240 0.11588
0.13186 0.11603
0.13129 0.11617
0.13070 0.11630
0.13008 0.11642
0.12943 0.11654
0.12875 0.11665
0.12805 0.11675
0.12733 0.11684
0.12659 0.11692
0.12581 0.11700
0.12502 0.11707
0.12421 0.11713
0.12338 0.11718
0.12253 0.11723
0.12165 0.11726
0.12077 0.11729
0.11987 0.11731
0.11894 0.11732
0.11801 0.11733
0.11705 0.11733
0.11610 0.11732
0.11511 0.11730
0.11413 0.11728
0.11313 0.11724
0.11213 0.11721
0.11112 0.11716
0.11010 0.11711
0.10908 0.11705
0.10805 0.11698
0.10701 0.11691
0.10599 0.11683
0.10494 0.11674
0.10393 0.11665
0.10287 0.11655
0.10185 0.11645
0.10084 0.11634
0.09980 0.11623
0.09877 0.11611
0.09776 0.11598
0.09675 0.11585
0.09576 0.11571
0.09481 0.11557
0.09385 0.11543
0.09290 0.11528
0.09195 0.11513
0.09101 0.11497
0.09011 0.11481
0.08920 0.11464
0.08833 0.11447
0.08746 0.11430
0.08663 0.11413
0.08580 0.11395
0.08500 0.11377
0.08423 0.11358
0.08348 0.11340
0.08275 0.11321
0.08206 0.11302
0.08138 0.11283
0.08073 0.11264
0.08011 0.11244
0.07952 0.11224
0.07895 0.11205
0.07842 0.11185
0.07792 0.11165
0.07745 0.11145
0.07701 0.11125
0.07661 0.11105
0.07623 0.11086
0.07590 0.11066
0.07559 0.11046
0.07532 0.11026
0.07509 0.11006
0.07489 0.10987
0.07473 0.10967
0.07460 0.10948
0.07451 0.10929
0.07446 0.10910
0.07444 0.10891
0.07446 0.10873
0.07451 0.10855
0.07461 0.10837
0.07474 0.10819
0.07491 0.10801
0.07511 0.10784
0.07536 0.10767
0.07564 0.10751
0.07595 0.10734
0.07630 0.10718
0.07669 0.10703
0.07712 0.10688
0.07758 0.10673
0.07808 0.10658
0.07861 0.10644
0.07918 0.10631
0.07977 0.10618
0.08041 0.10605
0.08107 0.10593
0.08177 0.10581
0.08251 0.10570
0.08327 0.10559
0.08406 0.10549
0.08488 0.10539
0.08574 0.10529
0.08662 0.10520
0.08753 0.10512
0.08846 0.10504
0.08942 0.10497
0.09041 0.10490
0.09141 0.10484
0.09245 0.10478
0.09350 0.10473
0.09457 0.10468
0.09567 0.10464
0.09678 0.10461
0.09792 0.10458
0.09907 0.10455
0.10023 0.10453
0.10141 0.10452
0.10260 0.10451
0.10381 0.10451
0.10502 0.10451
0.10625 0.10452
0.10748 0.10453
0.10872 0.10455
0.10997 0.10457
0.11122 0.10460
0.11248 0.10463
0.11373 0.10467
0.11500 0.10472
0.11625 0.10477
0.11751 0.10482
0.11877 0.10488
0.12002 0.10494
0.12127 0.10501
0.12252 0.10508
0.12371 0.10516
0.12490 0.10524
0.12609 0.10532
0.12728 0.10541
0.12845 0.10551
0.12964 0.10560
0.13082 0.10570
0.13195 0.10581
0.13306 0.10592
0.13418 0.10603
0.13526 0.10615
0.13633 0.10626
0.13736 0.10639
0.13839 0.10651
0.13939 0.10664
0.14035 0.10677
0.14129 0.10690
0.14221 0.10704
0.14310 0.10718
0.14395 0.10732
0.14478 0.10746
0.14557 0.10760
0.14633 0.10775
0.14706 0.10790
0.14776 0.10805
0.14842 0.10820
0.14905 0.10835
0.14964 0.10850
0.15019 0.10866
0.15071 0.10881
0.15118 0.10897
0.15163 0.10912
0.15202 0.10928
0.15239 0.10943
0.15271 0.10959
0.15299 0.10975
0.15323 0.10990
0.15343 0.11006
0.15358 0.11021
0.15370 0.11037
0.15377 0.11052
0.15380 0.11067
0.15379 0.11082
0.15374 0.11097
0.15364 0.11112
0.15351 0.11127
0.15332 0.11142
0.15310 0.11156
0.15284 0.11170
0.15254 0.11184
0.15218 0.11198
0.15179 0.11211
0.15136 0.11225
0.15090 0.11238
0.15038 0.11251
0.14983 0.11263
0.14924 0.11275
0.14861 0.11287
0.14794 0.11299
0.14724 0.11310
0.14649 0.11321
0.14571 0.11332
0.14490 0.11342
0.14405 0.11352
0.14316 0.11362
0.14224 0.11371
0.14129 0.11380
0.14031 0.11389
0.13929 0.11397
0.13825 0.11405
0.13717 0.11412
0.13607 0.11419
0.13494 0.11426
0.13379 0.11432
0.13261 0.11438
0.13140 0.11443
0.13017 0.11448
0.12893 0.11452
0.12766 0.11457
0.12637 0.11460
0.12507 0.11463
0.12374 0.11466
0.12241 0.11469
0.12106 0.11471
0.11969 0.11472
0.11831 0.11473
0.11694 0.11474
0.11553 0.11474
0.11413 0.11474
0.11273 0.11473
0.11131 0.11472
0.10988 0.11471
0.10849 0.11469
0.10706 0.11467
0.10563 0.11464
0.10420 0.11461
0.10277 0.11457
0.10134 0.11454
0.09991 0.11449
0.09848 0.11445
0.09707 0.11440
0.09570 0.11434
0.09433 0.11428
0.09300 0.11422
0.09165 0.11416
0.09034 0.11409
0.08903 0.11402
0.08776 0.11394
0.08648 0.11386
0.08524 0.11378
0.08402 0.11370
0.08282 0.11361
0.08164 0.11352
0.08049 0.11343
0.07937 0.11333
0.07828 0.11323
0.07721 0.11313
0.07617 0.11303
0.07517 0.11293
0.07419 0.11282
0.07325 0.11271
0.07235 0.11260
0.07148 0.11249
0.07064 0.11237
0.06984 0.11226
0.06908 0.11214
0.06836 0.11202
0.06767 0.11190
0.06703 0.11178
0.06642 0.11166
0.06585 0.11154
0.06533 0.11141
0.06485 0.11129
0.06441 0.11116
0.06401 0.11104
0.06366 0.11091
0.06335 0.11079
0.06308 0.11066
0.06286 0.11054
0.06268 0.11041
0.06255 0.11029
0.06246 0.11016
0.06242 0.11004
0.06242 0.10991
0.06247 0.10979
0.06256 0.10967
0.06269 0.10955
0.06287 0.10943
0.06310 0.10931
0.06337 0.10919
0.06368 0.10908
0.06404 0.10896
0.06444 0.10885
0.06488 0.10874
0.06537 0.10863
0.06590 0.10852
0.06647 0.10842
0.06707 0.10831
0.06773 0.10821
0.06842 0.10811
0.06916 0.10802
0.06992 0.10792
0.07073 0.10783
0.07158 0.10774
0.07246 0.10765
0.07337 0.10757
0.07433 0.10749
0.07531 0.10741
0.07632 0.10734
0.07738 0.10726
0.07846 0.10719
0.07957 0.10713
0.08071 0.10706
0.08187 0.10700
0.08306 0.10694
0.08428 0.10689
0.08552 0.10684
0.08678 0.10679
0.08807 0.10675
0.08937 0.10671
0.09069 0.10667
0.09205 0.10663
0.09340 0.10660
0.09478 0.10657
0.09615 0.10655
0.09758 0.10653
0.09896 0.10651
0.10040 0.10650
0.10183 0.10649
0.10328 0.10648
0.10476 0.10648
0.10619 0.10647
0.10762 0.10648
0.10907 0.10648
0.11056 0.10649
0.11204 0.10651
0.11347 0.10652
0.11490 0.10654
0.11635 0.10656
0.11778 0.10659
0.11919 0.10662
0.12062 0.10665
0.12201 0.10668
0.12340 0.10672
0.12478 0.10676
0.12614 0.10680
0.12748 0.10685
0.12881 0.10690
0.13013 0.10695
0.13142 0.10700
0.13268 0.10706
0.13393 0.10712
0.13514 0.10718
0.13634 0.10725
0.13751 0.10731
0.13865 0.10738
0.13977 0.10745
0.14085 0.10752
0.14190 0.10760
0.14293 0.10767
0.14392 0.10775
0.14488 0.10783
0.14580 0.10791
0.14669 0.10800
0.14755 0.10808
0.14836 0.10817
0.14914 0.10826
0.14989 0.10834
0.15059 0.10843
0.15125 0.10852
0.15187 0.10862
0.15246 0.10871
0.15300 0.10880
0.15350 0.10890
0.15396 0.10899
0.15438 0.10909
0.15475 0.10918
0.15508 0.10928
0.15538 0.10937
0.15562 0.10947
0.15582 0.10956
0.15598 0.10966
0.15609 0.10976
0.15616 0.10985
0.15619 0.10995
0.15617 0.11004
0.15611 0.11014
0.15600 0.11023
0.15586 0.11032
0.15566 0.11041
0.15543 0.11051
0.15515 0.11060
0.15483 0.11068
0.15447 0.11077
0.15407 0.11086
0.15362 0.11095
0.15313 0.11103
0.15261 0.11111
0.15205 0.11120
0.15144 0.11128
0.15080 0.11135
0.15012 0.11143
0.14941 0.11151
0.14866 0.11158
0.14787 0.11165
0.14705 0.11172
0.14619 0.11179
0.14531 0.11185
0.14438 0.11192
0.14344 0.11198
0.14245 0.11204
0.14145 0.11210
0.14042 0.11215
0.13935 0.11220
0.13825 0.11225
0.13715 0.11230
0.13600 0.11235
0.13485 0.11239
0.13367 0.11243
0.13248 0.11247
0.13124 0.11251
0.13002 0.11254
0.12877 0.11257
0.12750 0.11260
0.12619 0.11263
0.12491 0.11265
0.12365 0.11267
0.12234 0.11269
0.12101 0.11270
0.11964 0.11272
0.11827 0.11273
0.11694 0.11273
0.11563 0.11274
0.11427 0.11274
0.11293 0.11274
0.11159 0.11274
0.11025 0.11274
0.10891 0.11273
0.10759 0.11272
0.10626 0.11271
0.10494 0.11269
0.10364 0.11268
0.10234 0.11266
0.10106 0.11264
0.09978 0.11261
0.09852 0.11259
0.09728 0.11256
0.09604 0.11253
0.09483 0.11250
0.09364 0.11246
0.09247 0.11243
0.09131 0.11239
0.09018 0.11235
0.08908 0.11231
0.08800 0.11226
0.08694 0.11222
0.08591 0.11217
0.08490 0.11212
0.08392 0.11207
0.08298 0.11202
0.08206 0.11197
0.08117 0.11191
0.08031 0.11186
0.07949 0.11180
0.07870 0.11174
0.07794 0.11168
0.07721 0.11162
0.07652 0.11156
0.07587 0.11150
0.07525 0.11143
0.07467 0.11137
0.07413 0.11130
0.07362 0.11124
0.07315 0.11117
0.07272 0.11111
0.07233 0.11104
0.07198 0.11097
0.07166 0.11090
0.07139 0.11084
0.07115 0.11077
0.07095 0.11070
0.07080 0.11063
0.07068 0.11056
0.07060 0.11049
0.07056 0.11043
0.07057 0.11036
0.07061 0.11029
0.07068 0.11022
0.07081 0.11016
0.07096 0.11009
0.07116 0.11003
0.07139 0.10996
0.07166 0.10990
0.07198 0.10983
0.07232 0.10977
0.07271 0.10971
0.07312 0.10965
0.07358 0.10959
0.07407 0.10953
0.07459 0.10947
0.07515 0.10941
0.07574 0.10936
0.07636 0.10930
0.07701 0.10925
0.07769 0.10920
0.07841 0.10915
0.07915 0.10910
0.07993 0.10905
0.08073 0.10900
0.08155 0.10896
0.08239 0.10891
0.08327 0.10887
0.08417 0.10883
0.08508 0.10879
0.08603 0.10876
0.08699 0.10872
0.08799 0.10869
0.08897 0.10866
0.08998 0.10863
0.09103 0.10860
0.09210 0.10857
0.09312 0.10855
0.09419 0.10852
0.09526 0.10850
0.09634 0.10848
0.09742 0.10847
0.09855 0.10845
0.09968 0.10844
0.10082 0.10842
0.10194 0.10841
0.10307 0.10841
0.10420 0.10840
0.10534 0.10839
0.10647 0.10839
0.10760 0.10839
0.10873 0.10839
0.10986 0.10839
0.11098 0.10840
0.11209 0.10840
0.11320 0.10841
0.11430 0.10842
0.11539 0.10843
0.11646 0.10844
0.11753 0.10846
0.11858 0.10847
0.11961 0.10849
0.12064 0.10851
0.12164 0.10853
0.12263 0.10855
0.12360 0.10857
0.12455 0.10860
0.12549 0.10862
0.12639 0.10865
0.12728 0.10868
0.12815 0.10871
0.12899 0.10874
0.12980 0.10877
0.13060 0.10880
0.13136 0.10884
0.13210 0.10887
0.13281 0.10891
0.13350 0.10895
0.13415 0.10898
0.13478 0.10902
0.13537 0.10906
0.13594 0.10910
0.13647 0.10914
0.13697 0.10919
0.13744 0.10923
0.13788 0.10927
0.13829 0.10931
0.13866 0.10936
0.13900 0.10940
0.13931 0.10944
0.13959 0.10949
0.13983 0.10953
0.14003 0.10958
0.14021 0.10962
0.14034 0.10967
0.14045 0.10971
0.14052 0.10976
0.14055 0.10980
0.14055 0.10985
0.14052 0.10989
0.14046 0.10994
0.14036 0.10998
0.14023 0.11003
0.14006 0.11007
0.13987 0.11011
0.13964 0.11016
0.13937 0.11020
0.13908 0.11024
0.13876 0.11028
0.13841 0.11032
0.13802 0.11036
0.13761 0.11040
0.13716 0.11044
0.13669 0.11048
0.13619 0.11051
0.13567 0.11055
0.13512 0.11058
0.13454 0.11062
0.13394 0.11065
0.13331 0.11068
0.13266 0.11071
0.13200 0.11074
0.13130 0.11077
0.13058 0.11080
0.12984 0.11083
0.12909 0.11085
0.12833 0.11088
0.12753 0.11090
0.12674 0.11092
0.12591 0.11094
0.12508 0.11096
0.12424 0.11098
0.12336 0.11100
0.12253 0.11102
0.12163 0.11103
0.12074 0.11104
0.11984 0.11106
0.11895 0.11107
0.11806 0.11108
0.11716 0.11108
0.11627 0.11109
0.11535 0.11110
0.11439 0.11110
0.11350 0.11111
0.11256 0.11111
0.11165 0.11111
0.11072 0.11111
0.10981 0.11111
0.10890 0.11110
0.10800 0.11110
0.10710 0.11109
0.10621 0.11109
0.10533 0.11108
0.10445 0.11107
0.10359 0.11106
0.10275 0.11105
0.10191 0.11104
0.10109 0.11102
0.10028 0.11101
0.09949 0.11099
0.09871 0.11098
0.09795 0.11096
0.09722 0.11094
0.09649 0.11092
0.09579 0.11090
0.09511 0.11088
0.09445 0.11086
0.09381 0.11084
0.09320 0.11081
0.09260 0.11079
0.09204 0.11076
0.09149 0.11074
0.09097 0.11071
0.09048 0.11069
0.09001 0.11066
0.08958 0.11063
0.08916 0.11060
0.08878 0.11057
0.08842 0.11055
0.08809 0.11052
0.08780 0.11049
0.08752 0.11046
0.08728 0.11043
0.08707 0.11040
0.08689 0.11037
0.08673 0.11033
0.08661 0.11030
0.08652 0.11027
0.08646 0.11024
0.08643 0.11021
0.08642 0.11018
0.08645 0.11015
0.08651 0.11012
0.08660 0.11009
0.08671 0.11006
0.08686 0.11003
0.08704 0.11000
0.08724 0.10997
0.08748 0.10994
0.08774 0.10992
0.08803 0.10989
0.08835 0.10986
0.08869 0.10983
0.08906 0.10981
0.08946 0.10978
0.08988 0.10976
0.09033 0.10973
0.09080 0.10971
0.09130 0.10968
0.09182 0.10966
0.09237 0.10964
0.09293 0.10962
0.09352 0.10960
0.09412 0.10958
0.09476 0.10956
0.09540 0.10954
0.09607 0.10953
0.09675 0.10951
0.09745 0.10950
0.09816 0.10948
0.09889 0.10947
0.09963 0.10946
0.10039 0.10945
0.10116 0.10944
0.10194 0.10943
0.10273 0.10942
0.10353 0.10941
0.10433 0.10940
0.10516 0.10940
0.10597 0.10940
0.10680 0.10939
0.10764 0.10939
0.10848 0.10939
0.10931 0.10939
0.11015 0.10939
0.11098 0.10939
0.11181 0.10939
0.11265 0.10940
0.11348 0.10940
0.11431 0.10941
0.11515 0.10942
0.11594 0.10942
0.11678 0.10943
0.11756 0.10944
0.11837 0.10945
0.11915 0.10947
0.11992 0.10948
0.12069 0.10949
0.12144 0.10951
0.12218 0.10952
0.12289 0.10954
0.12360 0.10955
0.12429 0.10957
0.12496 0.10959
0.12562 0.10961
0.12625 0.10963
0.12687 0.10965
0.12747 0.10967
0.12804 0.10969
0.12860 0.10971
0.12913 0.10974
0.12963 0.10976
0.13012 0.10978
0.13057 0.10981
0.13101 0.10983
0.13142 0.10986
0.13180 0.10988
0.13215 0.10991
0.13248 0.10994
0.13279 0.10996
0.13306 0.10999
0.13330 0.11002
0.13352 0.11005
0.13370 0.11007
0.13386 0.11010
0.13399 0.11013
0.13409 0.11016
0.13416 0.11018
0.13419 0.11021
0.13420 0.11024
0.13418 0.11027
0.13413 0.11029
0.13404 0.11032
0.13393 0.11035
0.13378 0.11038
0.13361 0.11040
0.13340 0.11043
0.13317 0.11045
0.13291 0.11048
0.13261 0.11051
0.13229 0.11053
0.13194 0.11055
0.13156 0.11058
0.13115 0.11060
0.13072 0.11062
0.13026 0.11065
0.12977 0.11067
0.12925 0.11069
0.12871 0.11071
0.12814 0.11073
0.12755 0.11075
0.12693 0.11077
0.12630 0.11078
0.12563 0.11080
0.12495 0.11082
0.12425 0.11083
0.12352 0.11085
0.12278 0.11086
0.12201 0.11087
0.12123 0.11088
0.12043 0.11089
0.11962 0.11090
0.11879 0.11091
0.11795 0.11092
0.11708 0.11093
0.11621 0.11093
0.11533 0.11094
0.11444 0.11094
0.11353 0.11094
0.11262 0.11095
0.11171 0.11095
0.11079 0.11095
0.10986 0.11095
0.10891 0.11094
0.10798 0.11094
0.10704 0.11094
0.10609 0.11093
0.10515 0.11092
0.10422 0.11092
0.10326 0.11091
0.10231 0.11090
0.10140 0.11089
0.10051 0.11088
0.09961 0.11087
0.09872 0.11085
0.09782 0.11084
0.09694 0.11082
0.09605 0.11081
0.09515 0.11079
0.09431 0.11077
0.09346 0.11075
0.09262 0.11073
0.09181 0.11071
0.09101 0.11069
0.09022 0.11067
0.08947 0.11065
0.08872 0.11062
0.08799 0.11060
0.08728 0.11058
0.08661 0.11055
0.08595 0.11052
0.08531 0.11050
0.08471 0.11047
0.08412 0.11044
0.08356 0.11041
0.08303 0.11038
0.08253 0.11035
0.08205 0.11032
0.08160 0.11029
0.08118 0.11026
0.08080 0.11023
0.08044 0.11020
0.08012 0.11017
0.07983 0.11014
0.07956 0.11010
0.07933 0.11007
0.07913 0.11004
0.07897 0.11001
0.07884 0.10997
0.07874 0.10994
0.07868 0.10991
0.07865 0.10988
0.07866 0.10984
0.07870 0.10981
0.07877 0.10978
0.07888 0.10975
0.07903 0.10972
0.07921 0.10968
0.07942 0.10965
0.07967 0.10962
0.07995 0.10959
0.08027 0.10956
0.08061 0.10953
0.08100 0.10950
0.08141 0.10947
0.08187 0.10944
0.08235 0.10942
0.08286 0.10939
0.08341 0.10936
0.08399 0.10934
0.08460 0.10931
0.08524 0.10929
0.08591 0.10926
0.08661 0.10924
0.08733 0.10922
0.08809 0.10920
0.08887 0.10917
0.08968 0.10915
0.09052 0.10914
0.09138 0.10912
0.09226 0.10910
0.09317 0.10908
0.09410 0.10907
0.09505 0.10906
0.09602 0.10904
0.09701 0.10903
0.09802 0.10902
0.09905 0.10901
0.10009 0.10900
0.10115 0.10899
0.10222 0.10899
0.10331 0.10898
0.10441 0.10897
0.10552 0.10897
0.10664 0.10897
0.10777 0.10897
0.10891 0.10897
0.11005 0.10897
0.11119 0.10897
0.11235 0.10897
0.11351 0.10898
0.11467 0.10898
0.11582 0.10899
0.11699 0.10900
0.11814 0.10901
0.11927 0.10902
0.12046 0.10903
0.12160 0.10904
0.12273 0.10906
0.12386 0.10907
0.12500 0.10909
0.12613 0.10910
0.12725 0.10912
0.12832 0.10914
0.12939 0.10916
0.13043 0.10918
0.13148 0.10920
0.13251 0.10922
0.13350 0.10925
0.13450 0.10927
0.13546 0.10930
0.13641 0.10932
0.13733 0.10935
0.13822 0.10938
0.13910 0.10941
0.13994 0.10944
0.14076 0.10947
0.14156 0.10950
0.14232 0.10953
0.14306 0.10956
0.14376 0.10960
0.14443 0.10963
0.14508 0.10966
0.14569 0.10970
0.14626 0.10973
0.14680 0.10977
0.14731 0.10981
0.14778 0.10984
0.14822 0.10988
0.14862 0.10992
0.14898 0.10995
0.14931 0.10999
0.14960 0.11003
0.14985 0.11007
0.15006 0.11010
0.15023 0.11014
0.15037 0.11018
0.15046 0.11022
0.15051 0.11026
0.15053 0.11030
0.15050 0.11033
0.15044 0.11037
0.15033 0.11041
0.15018 0.11045
0.14999 0.11048
0.14977 0.11052
0.14950 0.11056
0.14919 0.11059
0.14884 0.11063
0.14846 0.11067
0.14803 0.11070
0.14757 0.11073
0.14707 0.11077
0.14652 0.11080
0.14595 0.11083
0.14533 0.11087
0.14468 0.11090
0.14400 0.11093
0.14327 0.11096
0.14251 0.11099
0.14172 0.11102
0.14089 0.11105
0.14003 0.11107
0.13914 0.11110
0.13822 0.11112
0.13727 0.11115
0.13628 0.11117
0.13528 0.11119
0.13424 0.11121
0.13318 0.11123
0.13208 0.11125
0.13097 0.11127
0.12983 0.11129
0.12867 0.11130
0.12749 0.11132
0.12628 0.11133
0.12507 0.11135
0.12382 0.11136
0.12257 0.11137
0.12130 0.11138
0.12001 0.11138
0.11870 0.11139
0.11739 0.11140
0.11606 0.11140
0.11473 0.11140
0.11340 0.11141
0.11205 0.11141
0.11069 0.11141
0.10934 0.11140
0.10797 0.11140
0.10663 0.11140
0.10525 0.11139
0.10388 0.11138
0.10256 0.11138
0.10122 0.11137
0.09985 0.11136
0.09848 0.11134
0.09714 0.11133
0.09583 0.11132
0.09452 0.11130
0.09321 0.11129
0.09195 0.11127
0.09066 0.11125
0.08940 0.11123
0.08816 0.11121
0.08693 0.11119
0.08573 0.11117
0.08455 0.11114
0.08339 0.11112
0.08225 0.11109
0.08113 0.11107
0.08004 0.11104
0.07899 0.11101
0.07795 0.11098
0.07693 0.11095
0.07596 0.11092
0.07501 0.11089
0.07410 0.11086
0.07322 0.11082
0.07237 0.11079
0.07156 0.11075
0.07078 0.11072
0.07003 0.11068
0.06933 0.11065
0.06866 0.11061
0.06803 0.11057
0.06744 0.11054
0.06688 0.11050
0.06637 0.11046
0.06590 0.11042
0.06547 0.11038
0.06508 0.11034
0.06474 0.11030
0.06443 0.11026
0.06417 0.11022
0.06395 0.11018
0.06377 0.11014
0.06365 0.11010
0.06356 0.11006
0.06352 0.11002
0.06352 0.10998
0.06357 0.10994
0.06365 0.10990
0.06378 0.10986
0.06397 0.10982
0.06419 0.10978
0.06445 0.10974
0.06476 0.10970
0.06512 0.10967
0.06551 0.10963
0.06595 0.10959
0.06643 0.10955
0.06695 0.10952
0.06751 0.10948
0.06812 0.10945
0.06877 0.10941
0.06945 0.10938
0.07018 0.10934
0.07094 0.10931
0.07174 0.10928
0.07258 0.10925
0.07345 0.10922
0.07436 0.10919
0.07530 0.10916
0.07629 0.10913
0.07729 0.10910
0.07833 0.10908
0.07941 0.10905
0.08051 0.10903
0.08164 0.10901
0.08280 0.10898
0.08399 0.10896
0.08520 0.10894
0.08644 0.10892
0.08769 0.10891
0.08898 0.10889
0.09028 0.10887
0.09161 0.10886
0.09295 0.10885
0.09430 0.10883
0.09568 0.10882
0.09707 0.10881
0.09845 0.10880
0.09988 0.10880
0.10130 0.10879
0.10273 0.10879
0.10418 0.10878
0.10561 0.10878
0.10704 0.10878
0.10853 0.10878
0.11002 0.10878
0.11151 0.10878
0.11300 0.10878
0.11449 0.10879
0.11598 0.10879
0.11743 0.10880
0.11886 0.10881
0.12029 0.10882
0.12170 0.10883
0.12313 0.10884
0.12450 0.10886
0.12590 0.10887
0.12727 0.10888
0.12863 0.10890
0.12997 0.10892
0.13128 0.10894
0.13258 0.10896
0.13386 0.10898
0.13511 0.10900
0.13635 0.10902
0.13755 0.10904
0.13873 0.10907
0.13989 0.10909
0.14102 0.10912
0.14211 0.10914
0.14318 0.10917
0.14421 0.10920
0.14522 0.10923
0.14619 0.10926
0.14712 0.10929
0.14802 0.10932
0.14889 0.10935
0.14971 0.10939
0.15051 0.10942
0.15126 0.10945
0.15197 0.10949
0.15264 0.10952
0.15328 0.10956
0.15387 0.10959
0.15442 0.10963
0.15493 0.10967
0.15539 0.10970
0.15582 0.10974
0.15620 0.10978
0.15654 0.10981
0.15683 0.10985
0.15708 0.10989
0.15728 0.10993
0.15744 0.10996
0.15756 0.11000
0.15763 0.11004
0.15766 0.11008
0.15764 0.11012
0.15757 0.11015
0.15746 0.11019
0.15731 0.11023
0.15711 0.11027
0.15687 0.11030
0.15658 0.11034
0.15626 0.11037
0.15588 0.11041
0.15547 0.11045
0.15501 0.11048
0.15451 0.11052
0.15397 0.11055
0.15338 0.11058
0.15276 0.11062
0.15210 0.11065
0.15140 0.11068
0.15066 0.11071
0.14988 0.11074
0.14907 0.11077
0.14822 0.11080
0.14733 0.11083
0.14642 0.11086
0.14546 0.11089
0.14448 0.11091
0.14347 0.11094
0.14242 0.11096
0.14134 0.11099
0.14024 0.11101
0.13911 0.11103
0.13795 0.11105
0.13678 0.11107
0.13557 0.11109
0.13434 0.11111
0.13310 0.11113
0.13181 0.11114
0.13055 0.11116
0.12923 0.11117
0.12791 0.11118
0.12659 0.11119
0.12522 0.11121
0.12386 0.11122
0.12250 0.11122
0.12113 0.11123
0.11975 0.11124
0.11838 0.11124
0.11701 0.11125
0.11564 0.11125
0.11422 0.11125
0.11279 0.11125
0.11137 0.11126
0.10998 0.11125
0.10855 0.11125
0.10718 0.11125
0.10576 0.11124
0.10438 0.11124
0.10300 0.11123
0.10162 0.11123
0.10026 0.11122
0.09892 0.11121
0.09758 0.11120
0.09626 0.11119
0.09495 0.11117
0.09366 0.11116
0.09239 0.11115
0.09114 0.11113
0.08991 0.11112
0.08870 0.11110
0.08751 0.11108
0.08636 0.11106
0.08522 0.11104
0.08411 0.11102
0.08303 0.11100
0.08198 0.11098
0.08095 0.11096
0.07996 0.11093
0.07900 0.11091
0.07807 0.11089
0.07717 0.11086
0.07630 0.11083
0.07548 0.11081
0.07468 0.11078
0.07393 0.11075
0.07321 0.11073
0.07252 0.11070
0.07188 0.11067
0.07127 0.11064
0.07070 0.11061
0.07017 0.11058
0.06968 0.11055
0.06923 0.11052
0.06882 0.11049
0.06845 0.11046
0.06813 0.11043
0.06784 0.11039
0.06760 0.11036
0.06740 0.11033
0.06724 0.11030
0.06712 0.11027
0.06704 0.11024
0.06701 0.11020
0.06701 0.11017
0.06707 0.11014
0.06716 0.11011
0.06729 0.11008
0.06746 0.11005
0.06767 0.11001
0.06793 0.10998
0.06823 0.10995
0.06856 0.10992
0.06894 0.10989
0.06934 0.10986
0.06980 0.10983
0.07028 0.10981
0.07081 0.10978
0.07137 0.10975
0.07197 0.10972
0.07260 0.10969
0.07327 0.10967
0.07397 0.10964
0.07471 0.10962
0.07548 0.10959
0.07628 0.10957
0.07710 0.10954
0.07796 0.10952
0.07885 0.10950
0.07976 0.10948
0.08070 0.10946
0.08168 0.10944
0.08266 0.10942
0.08368 0.10940
0.08471 0.10938
0.08577 0.10936
0.08684 0.10935
0.08796 0.10933
0.08906 0.10932
0.09019 0.10930
0.09132 0.10929
0.09251 0.10928
0.09371 0.10927
0.09490 0.10926
0.09609 0.10925
0.09728 0.10924
0.09848 0.10923
0.09967 0.10923
0.10087 0.10922
0.10212 0.10922
0.10336 0.10921
0.10459 0.10921
0.10583 0.10921
0.10707 0.10920
0.10829 0.10920
0.10953 0.10920
0.11077 0.10920
0.11198 0.10921
0.11320 0.10921
0.11440 0.10921
0.11559 0.10922
0.11678 0.10922
0.11795 0.10923
0.11912 0.10924
0.12027 0.10924
0.12140 0.10925
0.12251 0.10926
0.12362 0.10927
0.12469 0.10928
0.12575 0.10929
0.12680 0.10931
0.12781 0.10932
0.12882 0.10933
0.12979 0.10935
0.13074 0.10936
0.13166 0.10938
0.13256 0.10939
0.13343 0.10941
0.13427 0.10943
0.13509 0.10945
0.13587 0.10946
0.13663 0.10948
0.13735 0.10950
0.13805 0.10952
0.13871 0.10954
0.13934 0.10956
0.13994 0.10958
0.14050 0.10961
0.14103 0.10963
0.14153 0.10965
0.14199 0.10967
0.14241 0.10969
0.14280 0.10972
0.14315 0.10974
0.14347 0.10976
0.14375 0.10979
0.14400 0.10981
0.14421 0.10983
0.14439 0.10986
0.14452 0.10988
0.14462 0.10991
0.14468 0.10993
0.14471 0.10995
0.14470 0.10998
0.14465 0.11000
0.14457 0.11002
0.14445 0.11005
0.14430 0.11007
0.14411 0.11010
0.14389 0.11012
0.14363 0.11014
0.14334 0.11016
0.14302 0.11019
0.14265 0.11021
0.14227 0.11023
0.14184 0.11025
0.14139 0.11027
0.14090 0.11029
0.14038 0.11031
0.13983 0.11033
0.13926 0.11035
0.13866 0.11037
0.13803 0.11039
0.13737 0.11041
0.13669 0.11043
0.13598 0.11044
0.13524 0.11046
0.13449 0.11048
0.13372 0.11049
0.13292 0.11051
0.13209 0.11052
0.13126 0.11054
0.13039 0.11055
0.12952 0.11056
0.12863 0.11057
0.12772 0.11059
0.12681 0.11060
0.12586 0.11061
0.12491 0.11062
0.12393 0.11063
0.12291 0.11063
0.12190 0.11064
0.12089 0.11065
0.11987 0.11065
0.11886 0.11066
0.11787 0.11067
0.11687 0.11067
0.11585 0.11067
0.11485 0.11068
0.11384 0.11068
0.11283 0.11068
0.11183 0.11068
0.11082 0.11068
0.10982 0.11068
0.10883 0.11068
0.10784 0.11068
0.10687 0.11067
0.10590 0.11067
0.10494 0.11067
0.10399 0.11066
0.10306 0.11066
0.10214 0.11065
0.10123 0.11065
0.10033 0.11064
0.09946 0.11063
0.09859 0.11062
0.09775 0.11061
0.09692 0.11061
0.09612 0.11060
0.09533 0.11059
0.09456 0.11058
0.09382 0.11056
0.09310 0.11055
0.09240 0.11054
0.09173 0.11053
0.09108 0.11052
0.09046 0.11050
0.08986 0.11049
0.08929 0.11048
0.08875 0.11046
0.08823 0.11045
0.08774 0.11043
0.08728 0.11042
0.08685 0.11040
0.08645 0.11039
0.08608 0.11037
0.08574 0.11036
0.08543 0.11034
0.08515 0.11032
0.08490 0.11031
0.08469 0.11029
0.08450 0.11027
0.08435 0.11026
0.08422 0.11024
0.08413 0.11022
0.08407 0.11021
0.08404 0.11019
0.08404 0.11017
0.08408 0.11016
0.08414 0.11014
0.08424 0.11012
0.08436 0.11011
0.08452 0.11009
0.08471 0.11007
0.08492 0.11006
0.08517 0.11004
0.08545 0.11002
0.08575 0.11001
0.08608 0.10999
0.08644 0.10998
0.08683 0.10996
0.08725 0.10995
0.08769 0.10994
0.08816 0.10992
0.08865 0.10991
0.08916 0.10989
0.08971 0.10988
0.09027 0.10987
0.09085 0.10986
0.09146 0.10985
0.09209 0.10983
0.09274 0.10982
0.09341 0.10981
0.09409 0.10980
0.09479 0.10979
0.09551 0.10978
0.09624 0.10978
0.09700 0.10977
0.09776 0.10976
0.09854 0.10975
0.09933 0.10975
0.10012 0.10974
0.10094 0.10974
0.10175 0.10973
0.10258 0.10973
0.10341 0.10972
0.10425 0.10972
0.10513 0.10972
0.10603 0.10971
0.10692 0.10971
0.10782 0.10971
0.10871 0.10971
0.10955 0.10971
0.11038 0.10971
0.11125 0.10971
0.11209 0.10971
0.11293 0.10971
0.11377 0.10972
0.11460 0.10972
0.11542 0.10972
0.11624 0.10973
0.11705 0.10973
0.11784 0.10974
0.11862 0.10974
0.11939 0.10975
0.12015 0.10976
0.12090 0.10976
0.12162 0.10977
0.12234 0.10978
0.12303 0.10979
0.12371 0.10979
0.12437 0.10980
0.12501 0.10981
0.12564 0.10982
0.12624 0.10983
0.12682 0.10984
0.12738 0.10985
0.12791 0.10986
0.12843 0.10988
0.12891 0.10989
0.12938 0.10990
0.12982 0.10991
0.13023 0.10992
0.13061 0.10994
0.13097 0.10995
0.13131 0.10996
0.13161 0.10998
0.13189 0.10999
0.13214 0.11000
0.13236 0.11002
0.13255 0.11003
0.13272 0.11004
0.13285 0.11006
0.13295 0.11007
0.13303 0.11009
0.13307 0.11010
0.13309 0.11011
0.13307 0.11013
0.13303 0.11014
0.13295 0.11016
0.13285 0.11017
0.13272 0.11018
0.13255 0.11020
0.13236 0.11021
0.13214 0.11022
0.13189 0.11024
0.13161 0.11025
0.13131 0.11026
0.13097 0.11028
0.13062 0.11029
0.13023 0.11030
0.12981 0.11031
0.12937 0.11032
0.12890 0.11033
0.12841 0.11035
0.12789 0.11036
0.12735 0.11037
0.12679 0.11038
0.12620 0.11039
0.12559 0.11039
0.12496 0.11040
0.12431 0.11041
0.12364 0.11042
0.12295 0.11043
0.12224 0.11043
0.12152 0.11044
0.12078 0.11045
0.12002 0.11045
0.11925 0.11046
0.11846 0.11046
0.11766 0.11047
0.11685 0.11047
0.11602 0.11047
0.11519 0.11048
0.11435 0.11048
0.11349 0.11048
0.11264 0.11048
0.11178 0.11048
0.11090 0.11048
0.11003 0.11048
0.10915 0.11048
0.10828 0.11048
0.10739 0.11048
0.10651 0.11048
0.10567 0.11047
0.10478 0.11047
0.10389 0.11047
0.10299 0.11046
0.10214 0.11046
0.10131 0.11045
0.10047 0.11045
0.09961 0.11044
0.09878 0.11043
0.09796 0.11043
0.09715 0.11042
0.09635 0.11041
0.09556 0.11040
0.09479 0.11039
0.09402 0.11038
0.09328 0.11037
0.09256 0.11036
0.09186 0.11035
0.09118 0.11034
0.09050 0.11033
0.08986 0.11032
0.08923 0.11030
0.08862 0.11029
0.08804 0.11028
0.08748 0.11026
0.08695 0.11025
0.08644 0.11024
0.08596 0.11022
0.08550 0.11021
0.08507 0.11019
0.08467 0.11018
0.08430 0.11016
0.08395 0.11015
0.08364 0.11013
0.08335 0.11012
0.08310 0.11010
0.08287 0.11009
0.08268 0.11007
0.08251 0.11005
0.08238 0.11004
0.08228 0.11002
0.08221 0.11001
0.08218 0.10999
0.08217 0.10997
0.08220 0.10996
0.08226 0.10994
0.08236 0.10993
0.08248 0.10991
0.08264 0.10990
0.08283 0.10988
0.08306 0.10986
0.08331 0.10985
0.08360 0.10983
0.08392 0.10982
0.08427 0.10980
0.08465 0.10979
0.08506 0.10978
0.08551 0.10976
0.08598 0.10975
0.08649 0.10973
0.08702 0.10972
0.08758 0.10971
0.08818 0.10970
0.08879 0.10969
0.08944 0.10967
0.09011 0.10966
0.09081 0.10965
0.09154 0.10964
0.09228 0.10963
0.09306 0.10962
0.09385 0.10961
0.09467 0.10960
0.09551 0.10960
0.09637 0.10959
0.09725 0.10958
0.09815 0.10958
0.09906 0.10957
0.10000 0.10956
0.10095 0.10956
0.10191 0.10956
0.10290 0.10955
0.10389 0.10955
0.10489 0.10955
0.10591 0.10954
0.10693 0.10954
0.10797 0.10954
0.10901 0.10954
0.11006 0.10954
0.11111 0.10954
0.11216 0.10954
0.11322 0.10955
0.11429 0.10955
0.11535 0.10955
0.11643 0.10956
0.11748 0.10956
0.11855 0.10956
0.11960 0.10957
0.12062 0.10958
0.12167 0.10958
0.12274 0.10959
0.12380 0.10960
0.12481 0.10961
0.12583 0.10962
0.12684 0.10963
0.12784 0.10964
0.12879 0.10965
0.12974 0.10966
0.13070 0.10967
0.13161 0.10968
0.13252 0.10969
0.13340 0.10971
0.13428 0.10972
0.13512 0.10974
0.13594 0.10975
0.13674 0.10976
0.13752 0.10978
0.13827 0.10980
0.13899 0.10981
0.13969 0.10983
0.14036 0.10985
0.14100 0.10986
0.14161 0.10988
0.14219 0.10990
0.14274 0.10992
0.14327 0.10993
0.14375 0.10995
0.14421 0.10997
0.14463 0.10999
0.14502 0.11001
0.14537 0.11003
0.14569 0.11005
0.14598 0.11007
0.14622 0.11009
0.14644 0.11011
0.14661 0.11013
0.14675 0.11015
0.14685 0.11017
0.14691 0.11019
0.14694 0.11021
0.14693 0.11023
0.14688 0.11025
0.14679 0.11027
0.14667 0.11029
0.14651 0.11031
0.14630 0.11033
0.14607 0.11035
0.14579 0.11037
0.14548 0.11039
0.14513 0.11041
0.14474 0.11042
0.14431 0.11044
0.14385 0.11046
0.14335 0.11048
0.14282 0.11050
0.14225 0.11051
0.14165 0.11053
0.14101 0.11055
0.14033 0.11056
0.13963 0.11058
0.13889 0.11059
0.13812 0.11061
0.13732 0.11062
0.13649 0.11064
0.13562 0.11065
0.13473 0.11066
0.13381 0.11068
0.13287 0.11069
0.13189 0.11070
0.13089 0.11071
0.12987 0.11072
0.12882 0.11073
0.12775 0.11074
0.12666 0.11075
0.12555 0.11076
0.12441 0.11076
0.12326 0.11077
0.12210 0.11078
0.12091 0.11078
0.11972 0.11079
0.11850 0.11079
0.11727 0.11079
0.11603 0.11080
0.11479 0.11080
0.11353 0.11080
0.11226 0.11080
0.11098 0.11080
0.10971 0.11080
0.10844 0.11080
0.10714 0.11080
0.10587 0.11079
0.10456 0.11079
0.10330 0.11079
0.10201 0.11078
0.10070 0.11078
0.09945 0.11077
0.09819 0.11076
0.09694 0.11076
0.09569 0.11075
0.09444 0.11074
0.09319 0.11073
0.09198 0.11072
0.09079 0.11071
0.08962 0.11070
0.08842 0.11069
0.08727 0.11068
0.08614 0.11066
0.08501 0.11065
0.08392 0.11064
0.08284 0.11062
0.08179 0.11061
0.08077 0.11059
0.07977 0.11057
0.07879 0.11056
0.07785 0.11054
0.07693 0.11052
0.07604 0.11050
0.07518 0.11049
0.07436 0.11047
0.07356 0.11045
0.07280 0.11043
0.07207 0.11041
0.07139 0.11039
0.07073 0.11037
0.07011 0.11034
0.06952 0.11032
0.06898 0.11030
0.06847 0.11028
0.06800 0.11026
0.06757 0.11024
0.06719 0.11021
0.06683 0.11019
0.06653 0.11017
0.06626 0.11015
0.06603 0.11012
0.06585 0.11010
0.06571 0.11008
0.06561 0.11005
0.06556 0.11003
0.06554 0.11001
0.06557 0.10998
0.06564 0.10996
0.06576 0.10994
0.06592 0.10992
0.06612 0.10989
0.06636 0.10987
0.06664 0.10985
0.06697 0.10983
0.06734 0.10980
0.06775 0.10978
0.06821 0.10976
0.06870 0.10974
0.06924 0.10972
0.06981 0.10970
0.07042 0.10968
0.07108 0.10966
0.07177 0.10964
0.07250 0.10962
0.07327 0.10960
0.07407 0.10958
0.07491 0.10956
0.07579 0.10955
0.07669 0.10953
0.07764 0.10951
0.07861 0.10950
0.07963 0.10948
0.08066 0.10947
0.08173 0.10945
0.08283 0.10944
0.08396 0.10943
0.08510 0.10942
0.08629 0.10940
0.08749 0.10939
0.08872 0.10938
0.08997 0.10937
0.09124 0.10936
0.09253 0.10935
0.09383 0.10935
0.09516 0.10934
0.09650 0.10933
0.09785 0.10933
0.09923 0.10932
0.10061 0.10932
0.10199 0.10931
0.10341 0.10931
0.10481 0.10931
0.10624 0.10931
0.10766 0.10931
0.10909 0.10931
0.11052 0.10931
0.11195 0.10931
0.11338 0.10931
0.11481 0.10931
0.11624 0.10932
0.11767 0.10932
0.11910 0.10932
0.12053 0.10933
0.12193 0.10934
0.12330 0.10934
0.12470 0.10935
0.12607 0.10936
0.12742 0.10937
0.12877 0.10938
0.13009 0.10939
0.13140 0.10940
0.13268 0.10941
0.13396 0.10942
0.13521 0.10944
0.13643 0.10945
0.13763 0.10946
0.13881 0.10948
0.13996 0.10949
