QEq 0.10102
0.10103 0.10103
0.10109 0.10106
0.10118 0.10110
0.10130 0.10115
0.10145 0.10121
0.10165 0.10128
0.10187 0.10137
0.10213 0.10146
0.10243 0.10157
0.10275 0.10169
0.10311 0.10182
0.10350 0.10196
0.10392 0.10211
0.10438 0.10227
0.10487 0.10244
0.10538 0.10263
0.10592 0.10282
0.10650 0.10303
0.10709 0.10324
0.10772 0.10346
0.10838 0.10370
0.10906 0.10394
0.10976 0.10419
0.11048 0.10446
0.11123 0.10473
0.11200 0.10501
0.11279 0.10529
0.11359 0.10559
0.11442 0.10590
0.11526 0.10621
0.11612 0.10653
0.11699 0.10685
0.11788 0.10719
0.11877 0.10753
0.11968 0.10788
0.12060 0.10823
0.12153 0.10859
0.12245 0.10895
0.12340 0.10932
0.12434 0.10970
0.12528 0.11008
0.12623 0.11046
0.12718 0.11085
0.12812 0.11125
0.12905 0.11164
0.13000 0.11204
0.13096 0.11244
0.13191 0.11285
0.13286 0.11326
0.13377 0.11367
0.13466 0.11408
0.13556 0.11449
0.13641 0.11491
0.13728 0.11532
0.13813 0.11573
0.13896 0.11615
0.13977 0.11656
0.14056 0.11698
0.14134 0.11739
0.14208 0.11780
0.14281 0.11821
0.14352 0.11862
0.14419 0.11903
0.14485 0.11943
0.14548 0.11983
0.14608 0.12023
0.14665 0.12062
0.14718 0.12101
0.14769 0.12140
0.14817 0.12178
0.14862 0.12216
0.14903 0.12253
0.14940 0.12290
0.14975 0.12326
0.15006 0.12362
0.15033 0.12397
0.15057 0.12432
0.15077 0.12466
0.15093 0.12499
0.15106 0.12532
0.15114 0.12563
0.15119 0.12595
0.15120 0.12625
0.15118 0.12655
0.15111 0.12684
0.15100 0.12712
0.15085 0.12739
0.15067 0.12765
0.15045 0.12791
0.15018 0.12816
0.14988 0.12840
0.14954 0.12863
0.14916 0.12885
0.14875 0.12906
0.14829 0.12926
0.14780 0.12945
0.14727 0.12964
0.14670 0.12981
0.14610 0.12998
0.14546 0.13013
0.14478 0.13028
0.14408 0.13041
0.14334 0.13054
0.14257 0.13065
0.14176 0.13076
0.14092 0.13086
0.14006 0.13094
0.13916 0.13102
0.13824 0.13108
0.13729 0.13114
0.13631 0.13119
0.13531 0.13122
0.13428 0.13125
0.13323 0.13127
0.13216 0.13128
0.13107 0.13127
0.12996 0.13126
0.12883 0.13124
0.12769 0.13121
0.12653 0.13117
0.12535 0.13112
0.12416 0.13107
0.12296 0.13100
0.12175 0.13093
0.12054 0.13084
0.11932 0.13075
0.11809 0.13065
0.11686 0.13055
0.11563 0.13043
0.11440 0.13031
0.11316 0.13018
0.11193 0.13004
0.11072 0.12989
0.10947 0.12974
0.10828 0.12958
0.10705 0.12941
0.10586 0.12924
0.10467 0.12906
0.10352 0.12888
0.10239 0.12869
0.10126 0.12850
0.10013 0.12830
0.09905 0.12809
0.09797 0.12788
0.09692 0.12767
0.09590 0.12745
0.09489 0.12723
0.09394 0.12701
0.09295 0.12678
0.09200 0.12655
0.09110 0.12631
0.09024 0.12607
0.08938 0.12583
0.08858 0.12559
0.08780 0.12535
0.08706 0.12510
0.08636 0.12486
0.08569 0.12461
0.08506 0.12436
0.08448 0.12411
0.08393 0.12386
0.08343 0.12361
0.08296 0.12336
0.08254 0.12311
0.08217 0.12286
0.08183 0.12262
0.08155 0.12237
0.08131 0.12213
0.08111 0.12188
0.08096 0.12164
0.08086 0.12141
0.08081 0.12117
0.08080 0.12094
0.08084 0.12071
0.08094 0.12048
0.08107 0.12025
0.08125 0.12003
0.08149 0.11982
0.08178 0.11960
0.08211 0.11940
0.08249 0.11919
0.08291 0.11899
0.08339 0.11880
0.08391 0.11861
0.08448 0.11842
0.08509 0.11825
0.08576 0.11807
0.08646 0.11790
0.08722 0.11774
0.08801 0.11758
0.08885 0.11743
0.08974 0.11729
0.09066 0.11715
0.09163 0.11702
0.09264 0.11690
0.09369 0.11678
0.09477 0.11667
0.09589 0.11656
0.09706 0.11646
0.09825 0.11637
0.09947 0.11629
0.10074 0.11621
0.10203 0.11614
0.10335 0.11608
0.10470 0.11602
0.10609 0.11597
0.10748 0.11593
0.10891 0.11590
0.11036 0.11587
0.11184 0.11585
0.11333 0.11584
0.11485 0.11584
0.11638 0.11584
0.11792 0.11585
0.11948 0.11587
0.12105 0.11589
0.12263 0.11592
0.12421 0.11596
0.12580 0.11600
0.12740 0.11606
0.12900 0.11611
0.13061 0.11618
0.13221 0.11625
0.13381 0.11633
0.13541 0.11641
0.13699 0.11651
0.13858 0.11660
0.14013 0.11671
0.14172 0.11682
0.14327 0.11693
0.14482 0.11705
0.14632 0.11718
0.14781 0.11731
0.14930 0.11745
0.15079 0.11759
0.15222 0.11773
0.15360 0.11789
0.15497 0.11804
0.15633 0.11820
0.15764 0.11837
0.15893 0.11853
0.16018 0.11871
0.16139 0.11888
0.16258 0.11906
0.16375 0.11924
0.16487 0.11943
0.16594 0.11962
0.16698 0.11981
0.16797 0.12000
0.16891 0.12020
0.16982 0.12040
0.17067 0.12059
0.17149 0.12080
0.17224 0.12100
0.17296 0.12120
0.17362 0.12141
0.17423 0.12161
0.17479 0.12182
0.17530 0.12203
0.17575 0.12223
0.17614 0.12244
0.17649 0.12264
0.17678 0.12285
0.17702 0.12306
0.17720 0.12326
0.17731 0.12346
0.17737 0.12367
0.17738 0.12387
0.17733 0.12406
0.17722 0.12426
0.17705 0.12446
0.17683 0.12465
0.17655 0.12484
0.17621 0.12503
0.17582 0.12521
0.17536 0.12539
0.17486 0.12557
0.17429 0.12575
0.17367 0.12592
0.17299 0.12609
0.17226 0.12625
0.17148 0.12641
0.17064 0.12657
0.16975 0.12672
0.16881 0.12687
0.16782 0.12701
0.16677 0.12715
0.16568 0.12728
0.16454 0.12741
0.16335 0.12754
0.16212 0.12765
0.16085 0.12777
0.15953 0.12788
0.15817 0.12798
0.15677 0.12808
0.15532 0.12817
0.15384 0.12826
0.15233 0.12834
0.15078 0.12841
0.14919 0.12848
0.14758 0.12854
0.14594 0.12860
0.14427 0.12865
0.14257 0.12870
0.14084 0.12874
0.13909 0.12877
0.13733 0.12880
0.13554 0.12882
0.13373 0.12884
0.13191 0.12885
0.13008 0.12885
0.12823 0.12885
0.12638 0.12884
0.12450 0.12883
0.12265 0.12881
0.12076 0.12878
0.11890 0.12875
0.11702 0.12872
0.11512 0.12867
0.11327 0.12862
0.11143 0.12857
0.10958 0.12851
0.10776 0.12845
0.10597 0.12838
0.10418 0.12830
0.10239 0.12822
0.10060 0.12814
0.09881 0.12805
0.09707 0.12796
0.09534 0.12786
0.09365 0.12775
0.09198 0.12765
0.09035 0.12753
0.08876 0.12742
0.08715 0.12730
0.08560 0.12717
0.08410 0.12705
0.08263 0.12691
0.08118 0.12678
0.07979 0.12664
0.07843 0.12650
0.07712 0.12636
0.07587 0.12621
0.07464 0.12606
0.07347 0.12591
0.07235 0.12575
0.07128 0.12559
0.07027 0.12544
0.06929 0.12527
0.06838 0.12511
0.06752 0.12495
0.06671 0.12478
0.06596 0.12462
0.06527 0.12445
0.06464 0.12428
0.06407 0.12411
0.06355 0.12394
0.06310 0.12377
0.06270 0.12360
0.06238 0.12343
0.06210 0.12326
0.06189 0.12309
0.06174 0.12292
0.06166 0.12275
0.06163 0.12259
0.06168 0.12242
0.06178 0.12226
0.06195 0.12209
0.06217 0.12193
0.06246 0.12177
0.06281 0.12161
0.06322 0.12145
0.06369 0.12130
0.06423 0.12114
0.06482 0.12099
0.06548 0.12085
0.06620 0.12070
0.06697 0.12056
0.06779 0.12042
0.06867 0.12028
0.06962 0.12015
0.07062 0.12002
0.07167 0.11990
0.07277 0.11977
0.07392 0.11965
0.07512 0.11954
0.07638 0.11943
0.07768 0.11932
0.07903 0.11922
0.08042 0.11912
0.08186 0.11902
0.08333 0.11893
0.08486 0.11884
0.08641 0.11876
0.08801 0.11868
0.08964 0.11861
0.09131 0.11854
0.09300 0.11848
0.09474 0.11842
0.09648 0.11836
0.09827 0.11831
0.10009 0.11827
0.10191 0.11823
0.10376 0.11819
0.10566 0.11816
0.10753 0.11813
0.10943 0.11811
0.11134 0.11810
0.11325 0.11808
0.11522 0.11808
0.11719 0.11807
0.11915 0.11808
0.12112 0.11808
0.12309 0.11810
0.12505 0.11811
0.12702 0.11813
0.12895 0.11816
0.13086 0.11819
0.13282 0.11823
0.13474 0.11827
0.13665 0.11831
0.13853 0.11836
0.14042 0.11841
0.14227 0.11847
0.14410 0.11853
0.14592 0.11859
0.14770 0.11866
0.14947 0.11873
0.15120 0.11881
0.15290 0.11889
0.15457 0.11897
0.15620 0.11905
0.15782 0.11914
0.15938 0.11924
0.16090 0.11933
0.16239 0.11943
0.16383 0.11953
0.16523 0.11964
0.16658 0.11974
0.16790 0.11985
0.16917 0.11997
0.17038 0.12008
0.17154 0.12020
0.17265 0.12031
0.17371 0.12043
0.17473 0.12056
0.17568 0.12068
0.17658 0.12080
0.17743 0.12093
0.17821 0.12106
0.17894 0.12119
0.17961 0.12131
0.18022 0.12144
0.18077 0.12158
0.18126 0.12171
0.18169 0.12184
0.18206 0.12197
0.18237 0.12210
0.18262 0.12223
0.18281 0.12236
0.18294 0.12250
0.18300 0.12263
0.18300 0.12276
0.18294 0.12289
0.18282 0.12302
0.18263 0.12314
0.18238 0.12327
0.18208 0.12340
0.18172 0.12352
0.18130 0.12364
0.18081 0.12377
0.18026 0.12389
0.17967 0.12400
0.17902 0.12412
0.17830 0.12423
0.17753 0.12435
0.17671 0.12445
0.17582 0.12456
0.17490 0.12467
0.17392 0.12477
0.17288 0.12487
0.17181 0.12497
0.17067 0.12506
0.16949 0.12515
0.16827 0.12524
0.16700 0.12533
0.16570 0.12541
0.16435 0.12549
0.16294 0.12557
0.16153 0.12564
0.16007 0.12571
0.15857 0.12578
0.15702 0.12584
0.15543 0.12590
0.15382 0.12596
0.15220 0.12601
0.15059 0.12606
0.14891 0.12611
0.14718 0.12615
0.14545 0.12619
0.14372 0.12622
0.14199 0.12625
0.14027 0.12628
0.13852 0.12631
0.13673 0.12633
0.13494 0.12634
0.13314 0.12636
0.13130 0.12637
0.12951 0.12637
0.12766 0.12638
0.12587 0.12637
0.12403 0.12637
0.12222 0.12636
0.12042 0.12635
0.11861 0.12633
0.11682 0.12632
0.11504 0.12629
0.11327 0.12627
0.11153 0.12624
0.10980 0.12621
0.10809 0.12617
0.10640 0.12614
0.10472 0.12610
0.10308 0.12605
0.10145 0.12601
0.09986 0.12596
0.09830 0.12590
0.09677 0.12585
0.09527 0.12579
0.09380 0.12573
0.09237 0.12567
0.09098 0.12560
0.08963 0.12553
0.08831 0.12546
0.08703 0.12539
0.08580 0.12532
0.08461 0.12524
0.08346 0.12517
0.08237 0.12509
0.08131 0.12500
0.08031 0.12492
0.07935 0.12484
0.07844 0.12475
0.07759 0.12467
0.07678 0.12458
0.07602 0.12449
0.07532 0.12440
0.07467 0.12431
0.07407 0.12422
0.07354 0.12412
0.07305 0.12403
0.07261 0.12394
0.07223 0.12385
0.07191 0.12375
0.07164 0.12366
0.07143 0.12356
0.07127 0.12347
0.07117 0.12338
0.07112 0.12328
0.07113 0.12319
0.07119 0.12310
0.07131 0.12300
0.07148 0.12291
0.07170 0.12282
0.07198 0.12273
0.07232 0.12264
0.07271 0.12256
0.07314 0.12247
0.07362 0.12238
0.07416 0.12230
0.07476 0.12221
0.07539 0.12213
0.07607 0.12205
0.07680 0.12197
0.07758 0.12190
0.07840 0.12182
0.07927 0.12175
0.08017 0.12168
0.08114 0.12161
0.08211 0.12154
0.08314 0.12147
0.08422 0.12141
0.08533 0.12135
0.08645 0.12129
0.08761 0.12123
0.08880 0.12117
0.09003 0.12112
0.09129 0.12107
0.09257 0.12102
0.09388 0.12097
0.09519 0.12093
0.09656 0.12089
0.09793 0.12085
0.09935 0.12081
0.10075 0.12078
0.10218 0.12075
0.10361 0.12072
0.10509 0.12069
0.10658 0.12067
0.10806 0.12065
0.10956 0.12063
0.11106 0.12062
0.11258 0.12060
0.11408 0.12059
0.11558 0.12058
0.11710 0.12058
0.11861 0.12057
0.12012 0.12057
0.12162 0.12058
0.12311 0.12058
0.12459 0.12059
0.12607 0.12060
0.12752 0.12061
0.12897 0.12062
0.13040 0.12064
0.13181 0.12065
0.13321 0.12067
0.13458 0.12070
0.13594 0.12072
0.13726 0.12075
0.13857 0.12078
0.13985 0.12081
0.14110 0.12084
0.14233 0.12087
0.14352 0.12091
0.14468 0.12095
0.14582 0.12099
0.14691 0.12103
0.14798 0.12107
0.14901 0.12112
0.15000 0.12116
0.15096 0.12121
0.15187 0.12126
0.15275 0.12131
0.15359 0.12136
0.15438 0.12141
0.15514 0.12146
0.15585 0.12152
0.15652 0.12157
0.15715 0.12163
0.15773 0.12168
0.15828 0.12174
0.15877 0.12180
0.15922 0.12186
0.15962 0.12192
0.15998 0.12197
0.16030 0.12203
0.16056 0.12209
0.16079 0.12215
0.16096 0.12221
0.16109 0.12227
0.16118 0.12233
0.16122 0.12239
0.16121 0.12245
0.16116 0.12251
0.16106 0.12257
0.16093 0.12263
0.16074 0.12268
0.16051 0.12274
0.16024 0.12280
0.15993 0.12286
0.15957 0.12291
0.15918 0.12297
0.15874 0.12302
0.15826 0.12307
0.15774 0.12312
0.15719 0.12318
0.15660 0.12323
0.15598 0.12327
0.15531 0.12332
0.15462 0.12337
0.15388 0.12341
0.15312 0.12346
0.15233 0.12350
0.15151 0.12354
0.15067 0.12358
0.14977 0.12362
0.14885 0.12366
0.14795 0.12369
0.14700 0.12373
0.14604 0.12376
0.14504 0.12379
0.14402 0.12382
0.14301 0.12385
0.14200 0.12388
0.14097 0.12390
0.13990 0.12393
0.13882 0.12395
0.13775 0.12397
0.13663 0.12399
0.13549 0.12400
0.13436 0.12402
0.13323 0.12403
0.13208 0.12404
0.13094 0.12405
0.12980 0.12406
0.12865 0.12407
0.12751 0.12407
0.12637 0.12407
0.12524 0.12408
0.12411 0.12408
0.12299 0.12407
0.12188 0.12407
0.12077 0.12407
0.11968 0.12406
0.11860 0.12405
0.11753 0.12404
0.11649 0.12403
0.11546 0.12402
0.11445 0.12401
0.11345 0.12399
0.11248 0.12398
0.11153 0.12396
0.11060 0.12394
0.10969 0.12392
0.10881 0.12390
0.10796 0.12388
0.10713 0.12385
0.10634 0.12383
0.10557 0.12380
0.10482 0.12378
0.10411 0.12375
0.10343 0.12372
0.10279 0.12369
0.10217 0.12366
0.10159 0.12363
0.10104 0.12360
0.10053 0.12357
0.10006 0.12354
0.09961 0.12351
0.09921 0.12347
0.09884 0.12344
0.09850 0.12340
0.09821 0.12337
0.09795 0.12334
0.09773 0.12330
0.09754 0.12327
0.09739 0.12323
0.09728 0.12320
0.09721 0.12316
0.09717 0.12313
0.09718 0.12309
0.09722 0.12306
0.09729 0.12302
0.09741 0.12299
0.09756 0.12295
0.09774 0.12292
0.09796 0.12289
0.09821 0.12285
0.09851 0.12282
0.09883 0.12279
0.09919 0.12276
0.09958 0.12273
0.10000 0.12270
0.10045 0.12267
0.10094 0.12264
0.10145 0.12261
0.10200 0.12258
0.10257 0.12256
0.10317 0.12253
0.10379 0.12251
0.10444 0.12248
0.10511 0.12246
0.10582 0.12244
0.10654 0.12242
0.10728 0.12240
0.10804 0.12238
0.10883 0.12236
0.10962 0.12234
0.11043 0.12233
0.11126 0.12231
0.11212 0.12230
0.11295 0.12229
0.11384 0.12228
0.11473 0.12227
0.11560 0.12226
0.11650 0.12225
0.11739 0.12225
0.11828 0.12224
0.11918 0.12224
0.12007 0.12223
0.12097 0.12223
0.12192 0.12223
0.12284 0.12223
0.12374 0.12224
0.12466 0.12224
0.12555 0.12224
0.12645 0.12225
0.12734 0.12225
0.12821 0.12226
0.12908 0.12227
0.12994 0.12228
0.13078 0.12229
0.13161 0.12230
0.13242 0.12232
0.13322 0.12233
0.13401 0.12234
0.13476 0.12236
0.13550 0.12238
0.13623 0.12239
0.13693 0.12241
0.13761 0.12243
0.13826 0.12245
0.13888 0.12247
0.13949 0.12249
0.14007 0.12251
0.14061 0.12254
0.14113 0.12256
0.14162 0.12258
0.14208 0.12261
0.14251 0.12263
0.14291 0.12266
0.14328 0.12268
0.14362 0.12271
0.14391 0.12273
0.14418 0.12276
0.14442 0.12279
0.14462 0.12281
0.14479 0.12284
0.14492 0.12287
0.14502 0.12289
0.14508 0.12292
0.14511 0.12295
0.14510 0.12297
0.14506 0.12300
0.14498 0.12303
0.14487 0.12305
0.14472 0.12308
0.14453 0.12311
0.14431 0.12313
0.14406 0.12316
0.14377 0.12318
0.14345 0.12321
0.14309 0.12323
0.14270 0.12325
0.14228 0.12328
0.14183 0.12330
0.14134 0.12332
0.14082 0.12334
0.14028 0.12336
0.13970 0.12338
0.13909 0.12340
0.13846 0.12342
0.13779 0.12343
0.13710 0.12345
0.13639 0.12346
0.13564 0.12348
0.13488 0.12349
0.13410 0.12351
0.13329 0.12352
0.13246 0.12353
0.13162 0.12354
0.13074 0.12355
0.12986 0.12355
0.12895 0.12356
0.12804 0.12356
0.12711 0.12357
0.12617 0.12357
0.12521 0.12357
0.12425 0.12357
0.12328 0.12357
0.12230 0.12357
0.12131 0.12357
0.12031 0.12357
0.11933 0.12356
0.11831 0.12355
0.11733 0.12355
0.11632 0.12354
0.11535 0.12353
0.11434 0.12352
0.11333 0.12351
0.11237 0.12349
0.11142 0.12348
0.11046 0.12347
0.10951 0.12345
0.10856 0.12343
0.10760 0.12341
0.10669 0.12340
0.10579 0.12338
0.10491 0.12335
0.10406 0.12333
0.10320 0.12331
0.10237 0.12329
0.10157 0.12326
0.10078 0.12324
0.10003 0.12321
0.09930 0.12318
0.09859 0.12316
0.09792 0.12313
0.09725 0.12310
0.09664 0.12307
0.09605 0.12304
0.09548 0.12301
0.09496 0.12298
0.09447 0.12294
0.09401 0.12291
0.09358 0.12288
0.09319 0.12285
0.09284 0.12281
0.09252 0.12278
0.09224 0.12275
0.09200 0.12271
0.09179 0.12268
0.09163 0.12264
0.09150 0.12261
0.09142 0.12257
0.09138 0.12254
0.09138 0.12250
0.09141 0.12247
0.09149 0.12244
0.09161 0.12240
0.09177 0.12237
0.09197 0.12234
0.09222 0.12230
0.09250 0.12227
0.09282 0.12224
0.09319 0.12221
0.09360 0.12218
0.09404 0.12214
0.09453 0.12211
0.09505 0.12209
0.09562 0.12206
0.09622 0.12203
0.09687 0.12200
0.09754 0.12198
0.09826 0.12195
0.09902 0.12192
0.09980 0.12190
0.10063 0.12188
0.10148 0.12186
0.10237 0.12184
0.10329 0.12182
0.10425 0.12180
0.10523 0.12178
0.10624 0.12176
0.10728 0.12175
0.10835 0.12173
0.10944 0.12172
0.11056 0.12171
0.11171 0.12170
0.11287 0.12169
0.11405 0.12168
0.11526 0.12167
0.11648 0.12167
0.11772 0.12166
0.11897 0.12166
0.12025 0.12166
0.12153 0.12166
0.12281 0.12166
0.12411 0.12166
0.12542 0.12167
0.12674 0.12167
0.12806 0.12168
0.12939 0.12169
0.13071 0.12170
0.13203 0.12171
0.13336 0.12172
0.13469 0.12173
0.13600 0.12175
0.13731 0.12176
0.13862 0.12178
0.13990 0.12180
0.14121 0.12182
0.14247 0.12184
0.14373 0.12186
0.14498 0.12189
0.14617 0.12191
0.14736 0.12194
0.14856 0.12197
0.14975 0.12200
0.15090 0.12202
0.15204 0.12206
0.15316 0.12209
0.15423 0.12212
0.15528 0.12215
0.15629 0.12219
0.15725 0.12223
0.15817 0.12226
0.15910 0.12230
0.15997 0.12234
0.16079 0.12238
0.16160 0.12242
0.16234 0.12246
0.16308 0.12250
0.16375 0.12254
0.16438 0.12258
0.16498 0.12263
0.16552 0.12267
0.16602 0.12271
0.16648 0.12276
0.16690 0.12280
0.16726 0.12285
0.16758 0.12289
0.16785 0.12294
0.16807 0.12298
0.16824 0.12303
0.16836 0.12307
0.16844 0.12312
0.16846 0.12316
0.16843 0.12321
0.16835 0.12326
0.16822 0.12330
0.16804 0.12334
0.16781 0.12339
0.16753 0.12343
0.16720 0.12348
0.16681 0.12352
0.16638 0.12356
0.16590 0.12360
0.16536 0.12365
0.16477 0.12369
0.16414 0.12373
0.16346 0.12377
0.16273 0.12380
0.16196 0.12384
0.16113 0.12388
0.16026 0.12391
0.15935 0.12395
0.15839 0.12398
0.15738 0.12402
0.15634 0.12405
0.15525 0.12408
0.15411 0.12411
0.15295 0.12413
0.15175 0.12416
0.15050 0.12419
0.14922 0.12421
0.14791 0.12423
0.14656 0.12426
0.14517 0.12428
0.14376 0.12430
0.14232 0.12431
0.14086 0.12433
0.13936 0.12434
0.13784 0.12436
0.13630 0.12437
0.13473 0.12438
0.13315 0.12439
0.13155 0.12439
0.12993 0.12440
0.12829 0.12440
0.12664 0.12440
0.12499 0.12441
0.12332 0.12440
0.12164 0.12440
0.11995 0.12440
0.11828 0.12439
0.11659 0.12438
0.11489 0.12438
0.11321 0.12436
0.11152 0.12435
0.10984 0.12434
0.10817 0.12432
0.10650 0.12431
0.10488 0.12429
0.10321 0.12427
0.10156 0.12425
0.09995 0.12422
0.09834 0.12420
0.09673 0.12417
0.09516 0.12415
0.09367 0.12412
0.09218 0.12409
0.09070 0.12406
0.08927 0.12402
0.08784 0.12399
0.08647 0.12395
0.08512 0.12392
0.08381 0.12388
0.08254 0.12384
0.08128 0.12380
0.08006 0.12376
0.07891 0.12372
0.07778 0.12368
0.07669 0.12363
0.07567 0.12359
0.07466 0.12354
0.07373 0.12350
0.07283 0.12345
0.07199 0.12340
0.07118 0.12335
0.07044 0.12330
0.06975 0.12325
0.06911 0.12321
0.06853 0.12315
0.06800 0.12310
0.06752 0.12305
0.06710 0.12300
0.06674 0.12295
0.06644 0.12290
0.06619 0.12285
0.06600 0.12279
0.06586 0.12274
0.06579 0.12269
0.06578 0.12264
0.06583 0.12259
0.06594 0.12253
0.06610 0.12248
0.06633 0.12243
0.06661 0.12238
0.06695 0.12233
0.06736 0.12228
0.06782 0.12223
0.06834 0.12218
0.06891 0.12213
0.06955 0.12209
0.07024 0.12204
0.07099 0.12199
0.07179 0.12195
0.07265 0.12190
0.07356 0.12186
0.07452 0.12182
0.07554 0.12178
0.07661 0.12174
0.07772 0.12170
0.07889 0.12166
0.08011 0.12162
0.08137 0.12158
0.08268 0.12155
0.08403 0.12152
0.08543 0.12148
0.08686 0.12145
0.08834 0.12142
0.08985 0.12140
0.09141 0.12137
0.09300 0.12134
0.09462 0.12132
0.09627 0.12130
0.09795 0.12128
0.09967 0.12126
0.10141 0.12124
0.10318 0.12122
0.10497 0.12121
0.10678 0.12120
0.10861 0.12119
0.11046 0.12118
0.11232 0.12117
0.11422 0.12116
0.11609 0.12116
0.11800 0.12116
0.11991 0.12116
0.12181 0.12116
0.12376 0.12116
0.12566 0.12116
0.12757 0.12117
0.12950 0.12117
0.13144 0.12118
0.13335 0.12119
0.13526 0.12121
0.13716 0.12122
0.13906 0.12124
0.14091 0.12125
0.14276 0.12127
0.14461 0.12129
0.14641 0.12131
0.14820 0.12134
0.14995 0.12136
0.15168 0.12139
0.15340 0.12142
0.15509 0.12144
0.15675 0.12147
0.15835 0.12151
0.15996 0.12154
0.16151 0.12157
0.16301 0.12161
0.16449 0.12165
0.16590 0.12168
0.16731 0.12172
0.16864 0.12176
0.16995 0.12180
0.17119 0.12185
0.17241 0.12189
0.17356 0.12193
0.17466 0.12198
0.17571 0.12202
0.17671 0.12207
0.17765 0.12212
0.17854 0.12217
0.17938 0.12221
0.18015 0.12226
0.18086 0.12231
0.18153 0.12236
0.18213 0.12241
0.18267 0.12247
0.18314 0.12252
0.18356 0.12257
0.18391 0.12262
0.18421 0.12267
0.18444 0.12272
0.18461 0.12278
0.18472 0.12283
0.18476 0.12288
0.18474 0.12293
0.18465 0.12298
0.18450 0.12303
0.18430 0.12309
0.18403 0.12314
0.18369 0.12319
0.18330 0.12324
0.18284 0.12329
0.18231 0.12334
0.18173 0.12338
0.18110 0.12343
0.18040 0.12348
0.17964 0.12353
0.17882 0.12357
0.17795 0.12362
0.17702 0.12366
0.17604 0.12370
0.17500 0.12375
0.17390 0.12379
0.17277 0.12383
0.17158 0.12387
0.17033 0.12391
0.16904 0.12394
0.16771 0.12398
0.16632 0.12401
0.16490 0.12405
0.16342 0.12408
0.16192 0.12411
0.16036 0.12414
0.15878 0.12417
0.15716 0.12420
0.15550 0.12422
0.15382 0.12425
0.15209 0.12427
0.15034 0.12429
0.14858 0.12431
0.14679 0.12433
0.14494 0.12434
0.14308 0.12436
0.14122 0.12437
0.13938 0.12439
0.13749 0.12440
0.13558 0.12441
0.13367 0.12441
0.13176 0.12442
0.12986 0.12442
0.12795 0.12443
0.12601 0.12443
0.12404 0.12443
0.12207 0.12443
0.12013 0.12442
0.11822 0.12442
0.11625 0.12441
0.11434 0.12440
0.11243 0.12439
0.11052 0.12438
0.10864 0.12437
0.10676 0.12435
0.10491 0.12434
0.10308 0.12432
0.10128 0.12430
0.09948 0.12428
0.09773 0.12426
0.09600 0.12424
0.09430 0.12422
0.09264 0.12419
0.09100 0.12417
0.08939 0.12414
0.08783 0.12411
0.08631 0.12408
0.08483 0.12405
0.08337 0.12402
0.08197 0.12398
0.08061 0.12395
0.07930 0.12391
0.07804 0.12388
0.07682 0.12384
0.07565 0.12380
0.07453 0.12376
0.07347 0.12372
0.07245 0.12368
0.07149 0.12364
0.07058 0.12360
0.06973 0.12356
0.06893 0.12352
0.06819 0.12347
0.06751 0.12343
0.06689 0.12338
0.06633 0.12334
0.06582 0.12329
0.06537 0.12325
0.06499 0.12320
0.06466 0.12316
0.06440 0.12311
0.06419 0.12307
0.06405 0.12302
0.06397 0.12298
0.06394 0.12293
0.06398 0.12288
0.06408 0.12284
0.06425 0.12279
0.06446 0.12275
0.06474 0.12270
0.06507 0.12266
0.06547 0.12262
0.06593 0.12257
0.06644 0.12253
0.06701 0.12249
0.06763 0.12244
0.06832 0.12240
0.06905 0.12236
0.06984 0.12232
0.07068 0.12228
0.07157 0.12224
0.07252 0.12220
0.07351 0.12217
0.07456 0.12213
0.07563 0.12209
0.07677 0.12206
0.07796 0.12203
0.07917 0.12199
0.08044 0.12196
0.08176 0.12193
0.08308 0.12190
0.08445 0.12187
0.08587 0.12185
0.08732 0.12182
0.08881 0.12180
0.09034 0.12177
0.09189 0.12175
0.09347 0.12173
0.09508 0.12171
0.09669 0.12169
0.09830 0.12167
0.09996 0.12165
0.10167 0.12164
0.10340 0.12163
0.10513 0.12161
0.10683 0.12160
0.10855 0.12159
0.11028 0.12158
0.11206 0.12158
0.11379 0.12157
0.11557 0.12157
0.11731 0.12156
0.11908 0.12156
0.12084 0.12156
0.12258 0.12156
0.12433 0.12156
0.12607 0.12157
0.12780 0.12157
0.12951 0.12158
0.13121 0.12158
0.13290 0.12159
0.13457 0.12160
0.13622 0.12161
0.13785 0.12163
0.13946 0.12164
0.14104 0.12165
0.14260 0.12167
0.14413 0.12169
0.14564 0.12170
0.14711 0.12172
0.14855 0.12174
0.14996 0.12176
0.15134 0.12178
0.15267 0.12181
0.15397 0.12183
0.15523 0.12186
0.15646 0.12188
0.15764 0.12191
0.15877 0.12193
0.15987 0.12196
0.16092 0.12199
0.16193 0.12202
0.16289 0.12205
0.16380 0.12208
0.16467 0.12211
0.16548 0.12214
0.16625 0.12217
0.16697 0.12221
0.16764 0.12224
0.16825 0.12227
0.16881 0.12231
0.16933 0.12234
0.16979 0.12238
0.17019 0.12241
0.17054 0.12245
0.17085 0.12248
0.17110 0.12252
0.17129 0.12255
0.17143 0.12259
0.17152 0.12262
0.17156 0.12266
0.17154 0.12269
0.17147 0.12273
0.17135 0.12276
0.17118 0.12280
0.17095 0.12283
0.17067 0.12287
0.17035 0.12290
0.16997 0.12293
0.16954 0.12297
0.16907 0.12300
0.16855 0.12303
0.16798 0.12307
0.16736 0.12310
0.16671 0.12313
0.16599 0.12316
0.16525 0.12319
0.16444 0.12322
0.16363 0.12325
0.16275 0.12328
0.16184 0.12330
0.16090 0.12333
0.15991 0.12336
0.15886 0.12338
0.15783 0.12341
0.15676 0.12343
0.15565 0.12345
0.15452 0.12347
0.15334 0.12349
0.15215 0.12351
0.15096 0.12353
0.14971 0.12355
0.14840 0.12357
0.14709 0.12359
0.14578 0.12360
0.14445 0.12362
0.14308 0.12363
0.14171 0.12364
0.14034 0.12366
0.13897 0.12367
0.13755 0.12368
0.13617 0.12368
0.13475 0.12369
0.13334 0.12370
0.13193 0.12370
0.13051 0.12371
0.12910 0.12371
0.12768 0.12372
0.12626 0.12372
0.12486 0.12372
0.12346 0.12372
0.12207 0.12372
0.12069 0.12372
0.11933 0.12371
0.11797 0.12371
0.11663 0.12370
0.11531 0.12370
0.11400 0.12369
0.11272 0.12368
0.11145 0.12367
0.11020 0.12367
0.10898 0.12366
0.10779 0.12364
0.10662 0.12363
0.10547 0.12362
0.10436 0.12361
0.10327 0.12359
0.10222 0.12358
0.10119 0.12356
0.10020 0.12355
0.09925 0.12353
0.09832 0.12351
0.09744 0.12349
0.09658 0.12348
0.09577 0.12346
0.09500 0.12344
0.09426 0.12342
0.09356 0.12340
0.09290 0.12338
0.09229 0.12336
0.09172 0.12333
0.09118 0.12331
0.09069 0.12329
0.09024 0.12327
0.08984 0.12324
0.08947 0.12322
0.08915 0.12320
0.08887 0.12317
0.08864 0.12315
0.08845 0.12313
0.08830 0.12310
0.08820 0.12308
0.08813 0.12306
0.08811 0.12303
0.08814 0.12301
0.08821 0.12299
0.08831 0.12296
0.08847 0.12294
0.08866 0.12292
0.08890 0.12289
0.08916 0.12287
0.08948 0.12285
0.08983 0.12283
0.09022 0.12280
0.09065 0.12278
0.09112 0.12276
0.09162 0.12274
0.09216 0.12272
0.09273 0.12270
0.09333 0.12268
0.09397 0.12266
0.09464 0.12264
0.09534 0.12262
0.09607 0.12261
0.09683 0.12259
0.09761 0.12257
0.09843 0.12256
0.09926 0.12254
0.10013 0.12253
0.10102 0.12251
0.10192 0.12250
0.10281 0.12249
0.10376 0.12247
0.10471 0.12246
0.10567 0.12245
0.10662 0.12244
0.10762 0.12243
0.10866 0.12242
0.10970 0.12241
0.11071 0.12240
0.11173 0.12240
0.11280 0.12239
0.11385 0.12239
0.11492 0.12238
0.11597 0.12238
0.11704 0.12237
0.11810 0.12237
0.11915 0.12237
0.12021 0.12237
0.12127 0.12237
0.12231 0.12237
0.12335 0.12237
0.12438 0.12237
0.12539 0.12237
0.12640 0.12237
0.12740 0.12238
0.12837 0.12238
0.12933 0.12238
0.13028 0.12239
0.13122 0.12239
0.13212 0.12240
0.13301 0.12241
0.13389 0.12242
0.13473 0.12242
0.13556 0.12243
0.13635 0.12244
0.13713 0.12245
0.13788 0.12246
0.13860 0.12247
0.13929 0.12248
0.13996 0.12249
0.14059 0.12251
0.14119 0.12252
0.14177 0.12253
0.14231 0.12254
0.14281 0.12256
0.14329 0.12257
0.14374 0.12258
0.14414 0.12260
0.14452 0.12261
0.14486 0.12262
0.14516 0.12264
0.14543 0.12265
0.14567 0.12267
0.14586 0.12268
0.14602 0.12270
0.14615 0.12271
0.14624 0.12273
0.14629 0.12274
0.14631 0.12276
0.14629 0.12277
0.14623 0.12279
0.14614 0.12280
0.14602 0.12282
0.14586 0.12283
0.14566 0.12285
0.14543 0.12286
0.14517 0.12288
0.14487 0.12289
0.14454 0.12290
0.14418 0.12292
0.14378 0.12293
0.14335 0.12294
0.14290 0.12296
0.14241 0.12297
0.14190 0.12298
0.14135 0.12299
0.14078 0.12300
0.14019 0.12301
0.13956 0.12302
0.13892 0.12303
0.13824 0.12304
0.13755 0.12305
0.13684 0.12306
0.13610 0.12307
0.13534 0.12308
0.13457 0.12308
0.13377 0.12309
0.13297 0.12310
0.13215 0.12310
0.13131 0.12311
0.13046 0.12311
0.12959 0.12312
0.12874 0.12312
0.12785 0.12312
0.12696 0.12313
0.12607 0.12313
0.12518 0.12313
0.12429 0.12313
0.12339 0.12313
0.12250 0.12313
0.12160 0.12313
0.12071 0.12313
0.11982 0.12313
0.11892 0.12312
0.11804 0.12312
0.11715 0.12312
0.11628 0.12311
0.11541 0.12311
0.11456 0.12310
0.11372 0.12310
0.11289 0.12309
0.11207 0.12308
0.11128 0.12308
0.11050 0.12307
0.10973 0.12306
0.10899 0.12305
0.10827 0.12304
0.10756 0.12303
0.10688 0.12302
0.10622 0.12301
0.10559 0.12300
0.10498 0.12299
0.10440 0.12298
0.10385 0.12297
0.10332 0.12295
0.10282 0.12294
0.10236 0.12293
0.10191 0.12292
0.10150 0.12290
0.10113 0.12289
0.10078 0.12288
0.10047 0.12286
0.10020 0.12285
0.09995 0.12284
0.09975 0.12282
0.09957 0.12281
0.09943 0.12279
0.09932 0.12278
0.09926 0.12276
0.09923 0.12275
0.09923 0.12274
0.09927 0.12272
0.09934 0.12271
0.09945 0.12269
0.09960 0.12268
0.09979 0.12267
0.10001 0.12265
0.10026 0.12264
0.10056 0.12263
0.10088 0.12261
0.10124 0.12260
0.10164 0.12259
0.10207 0.12257
0.10253 0.12256
0.10303 0.12255
0.10356 0.12254
0.10413 0.12253
0.10472 0.12252
0.10534 0.12251
0.10600 0.12250
0.10668 0.12249
0.10740 0.12248
0.10814 0.12247
0.10890 0.12246
0.10970 0.12245
0.11051 0.12245
0.11135 0.12244
0.11222 0.12243
0.11311 0.12243
0.11401 0.12242
0.11494 0.12242
0.11588 0.12242
0.11685 0.12241
0.11782 0.12241
0.11882 0.12241
0.11982 0.12241
0.12084 0.12240
0.12187 0.12240
0.12291 0.12240
0.12396 0.12241
0.12501 0.12241
0.12607 0.12241
0.12714 0.12241
0.12820 0.12242
0.12927 0.12242
0.13034 0.12242
0.13141 0.12243
0.13247 0.12244
0.13353 0.12244
0.13460 0.12245
0.13562 0.12246
0.13664 0.12247
0.13765 0.12247
0.13866 0.12248
0.13961 0.12249
0.14057 0.12250
0.14152 0.12252
0.14247 0.12253
0.14339 0.12254
0.14429 0.12255
0.14521 0.12257
0.14611 0.12258
0.14695 0.12259
0.14777 0.12261
0.14859 0.12262
0.14936 0.12264
0.15012 0.12265
0.15083 0.12267
0.15153 0.12269
0.15218 0.12271
0.15281 0.12272
0.15341 0.12274
0.15397 0.12276
0.15450 0.12278
0.15498 0.12280
0.15544 0.12282
0.15585 0.12283
0.15623 0.12285
0.15657 0.12287
0.15686 0.12289
0.15712 0.12291
0.15734 0.12293
0.15752 0.12295
0.15765 0.12297
0.15775 0.12299
0.15780 0.12301
0.15780 0.12303
0.15777 0.12305
0.15769 0.12307
0.15756 0.12309
0.15740 0.12311
0.15719 0.12313
0.15694 0.12315
0.15664 0.12317
0.15630 0.12319
0.15592 0.12321
0.15549 0.12323
0.15503 0.12325
0.15451 0.12326
0.15396 0.12328
0.15337 0.12330
0.15273 0.12331
0.15206 0.12333
0.15134 0.12335
0.15059 0.12336
0.14979 0.12338
0.14896 0.12339
0.14809 0.12341
0.14719 0.12342
0.14625 0.12343
0.14527 0.12345
0.14426 0.12346
0.14322 0.12347
0.14215 0.12348
0.14105 0.12349
0.13992 0.12350
0.13876 0.12351
0.13757 0.12352
0.13636 0.12352
0.13512 0.12353
0.13386 0.12353
0.13259 0.12354
0.13129 0.12354
0.12997 0.12355
0.12863 0.12355
0.12728 0.12355
0.12591 0.12355
0.12453 0.12355
0.12315 0.12355
0.12175 0.12355
0.12034 0.12355
0.11893 0.12355
0.11751 0.12355
0.11609 0.12354
0.11466 0.12354
0.11323 0.12353
0.11181 0.12352
0.11040 0.12352
0.10897 0.12351
0.10759 0.12350
0.10617 0.12349
0.10479 0.12348
0.10342 0.12347
0.10205 0.12346
0.10068 0.12344
0.09934 0.12343
0.09803 0.12342
0.09672 0.12340
0.09541 0.12339
0.09416 0.12337
0.09297 0.12335
0.09178 0.12334
0.09064 0.12332
0.08950 0.12330
0.08842 0.12328
0.08733 0.12326
0.08626 0.12324
0.08525 0.12322
0.08428 0.12320
0.08335 0.12317
0.08243 0.12315
0.08158 0.12313
0.08075 0.12310
0.07997 0.12308
0.07923 0.12306
0.07855 0.12303
0.07789 0.12301
0.07729 0.12298
0.07674 0.12296
0.07623 0.12293
0.07576 0.12290
0.07536 0.12288
0.07500 0.12285
0.07469 0.12283
0.07442 0.12280
0.07421 0.12277
0.07406 0.12275
0.07395 0.12272
0.07390 0.12269
0.07390 0.12267
0.07395 0.12264
0.07406 0.12261
0.07422 0.12259
0.07443 0.12256
0.07470 0.12253
0.07502 0.12251
0.07539 0.12248
0.07582 0.12246
0.07630 0.12243
0.07682 0.12241
0.07741 0.12238
0.07804 0.12236
0.07873 0.12233
0.07946 0.12231
0.08025 0.12229
0.08109 0.12227
0.08197 0.12224
0.08290 0.12222
0.08388 0.12220
0.08490 0.12218
0.08597 0.12216
0.08708 0.12214
0.08824 0.12212
0.08944 0.12211
0.09068 0.12209
0.09195 0.12207
0.09327 0.12206
0.09462 0.12204
0.09602 0.12203
0.09744 0.12202
0.09889 0.12200
0.10038 0.12199
0.10189 0.12198
0.10344 0.12197
0.10501 0.12196
0.10661 0.12195
0.10823 0.12195
0.10987 0.12194
0.11154 0.12193
0.11322 0.12193
0.11492 0.12193
0.11663 0.12192
0.11835 0.12192
0.12008 0.12192
0.12183 0.12192
0.12359 0.12192
0.12534 0.12192
0.12710 0.12193
0.12888 0.12193
0.13062 0.12193
0.13240 0.12194
0.13414 0.12195
0.13592 0.12195
0.13765 0.12196
0.13938 0.12197
0.14107 0.12198
0.14280 0.12199
0.14453 0.12200
0.14625 0.12202
0.14786 0.12203
0.14947 0.12205
0.15108 0.12206
0.15269 0.12208
0.15424 0.12209
0.15579 0.12211
0.15729 0.12213
0.15877 0.12215
0.16021 0.12217
0.16159 0.12219
0.16296 0.12221
0.16431 0.12223
0.16561 0.12226
0.16686 0.12228
0.16807 0.12230
0.16925 0.12233
0.17035 0.12235
0.17145 0.12238
0.17247 0.12241
0.17346 0.12243
0.17438 0.12246
0.17527 0.12249
0.17610 0.12252
0.17687 0.12255
0.17760 0.12257
0.17826 0.12260
0.17887 0.12263
0.17943 0.12266
0.17993 0.12269
0.18037 0.12272
0.18075 0.12275
0.18107 0.12278
0.18134 0.12281
0.18154 0.12284
0.18169 0.12287
0.18177 0.12291
0.18179 0.12294
0.18175 0.12297
0.18165 0.12300
0.18149 0.12303
0.18127 0.12306
0.18099 0.12309
0.18065 0.12312
0.18025 0.12315
0.17979 0.12318
0.17927 0.12321
0.17869 0.12323
0.17805 0.12326
0.17735 0.12329
0.17660 0.12332
0.17579 0.12335
0.17492 0.12337
0.17400 0.12340
0.17303 0.12342
0.17200 0.12345
0.17092 0.12347
0.16978 0.12350
0.16860 0.12352
0.16737 0.12354
0.16609 0.12356
0.16476 0.12359
0.16339 0.12361
0.16198 0.12363
0.16053 0.12364
0.15903 0.12366
0.15748 0.12368
0.15591 0.12370
0.15431 0.12371
0.15266 0.12373
0.15098 0.12374
0.14928 0.12375
0.14753 0.12377
0.14577 0.12378
0.14398 0.12379
0.14216 0.12380
0.14033 0.12381
0.13847 0.12381
0.13661 0.12382
0.13470 0.12383
0.13280 0.12383
0.13089 0.12383
0.12895 0.12384
0.12701 0.12384
0.12510 0.12384
0.12313 0.12384
0.12116 0.12384
0.11920 0.12383
0.11728 0.12383
0.11538 0.12383
0.11347 0.12382
0.11156 0.12382
0.10965 0.12381
0.10775 0.12380
0.10588 0.12379
0.10403 0.12378
0.10215 0.12377
0.10030 0.12376
0.09848 0.12375
0.09669 0.12373
0.09494 0.12372
0.09318 0.12370
0.09147 0.12369
0.08980 0.12367
0.08814 0.12365
0.08654 0.12363
0.08496 0.12361
0.08342 0.12359
0.08192 0.12357
0.08047 0.12355
0.07905 0.12353
0.07769 0.12350
0.07635 0.12348
0.07508 0.12346
0.07386 0.12343
0.07267 0.12341
