QEq 0.19128
0.19130 0.19130
0.19134 0.19132
0.19141 0.19135
0.19151 0.19139
0.19165 0.19144
0.19180 0.19150
0.19198 0.19157
0.19220 0.19165
0.19245 0.19174
0.19271 0.19183
0.19300 0.19194
0.19333 0.19206
0.19367 0.19218
0.19404 0.19231
0.19445 0.19246
0.19486 0.19261
0.19530 0.19277
0.19577 0.19293
0.19625 0.19311
0.19678 0.19329
0.19729 0.19348
0.19785 0.19368
0.19841 0.19389
0.19899 0.19410
0.19959 0.19432
0.20022 0.19454
0.20084 0.19478
0.20149 0.19502
0.20214 0.19526
0.20281 0.19551
0.20349 0.19577
0.20416 0.19603
0.20488 0.19630
0.20556 0.19657
0.20627 0.19685
0.20699 0.19713
0.20771 0.19742
0.20842 0.19771
0.20914 0.19800
0.20986 0.19830
0.21057 0.19860
0.21129 0.19890
0.21200 0.19920
0.21267 0.19951
0.21333 0.19982
0.21398 0.20013
0.21464 0.20043
0.21530 0.20074
0.21595 0.20105
0.21658 0.20136
0.21722 0.20168
0.21787 0.20199
0.21850 0.20230
0.21910 0.20261
0.21968 0.20292
0.22021 0.20323
0.22075 0.20354
0.22129 0.20384
0.22179 0.20415
0.22226 0.20445
0.22271 0.20475
0.22315 0.20504
0.22354 0.20534
0.22393 0.20563
0.22429 0.20592
0.22460 0.20620
0.22492 0.20648
0.22518 0.20675
0.22543 0.20702
0.22564 0.20729
0.22583 0.20755
0.22598 0.20781
0.22611 0.20806
0.22620 0.20830
0.22627 0.20854
0.22629 0.20878
0.22630 0.20900
0.22627 0.20922
0.22621 0.20944
0.22611 0.20965
0.22597 0.20985
0.22582 0.21004
0.22563 0.21023
0.22540 0.21041
0.22516 0.21059
0.22486 0.21075
0.22454 0.21091
0.22420 0.21106
0.22381 0.21120
0.22341 0.21134
0.22298 0.21147
0.22250 0.21159
0.22201 0.21170
0.22149 0.21180
0.22092 0.21190
0.22036 0.21199
0.21975 0.21207
0.21912 0.21214
0.21847 0.21220
0.21779 0.21226
0.21709 0.21231
0.21637 0.21235
0.21562 0.21238
0.21487 0.21240
0.21408 0.21242
0.21329 0.21243
0.21248 0.21243
0.21164 0.21242
0.21080 0.21241
0.20993 0.21238
0.20908 0.21235
0.20819 0.21232
0.20730 0.21227
0.20640 0.21222
0.20550 0.21216
0.20458 0.21210
0.20367 0.21203
0.20276 0.21195
0.20183 0.21186
0.20093 0.21177
0.19998 0.21167
0.19907 0.21157
0.19818 0.21146
0.19725 0.21135
0.19634 0.21123
0.19544 0.21110
0.19455 0.21097
0.19366 0.21084
0.19280 0.21070
0.19197 0.21055
0.19114 0.21040
0.19030 0.21025
0.18947 0.21009
0.18863 0.20993
0.18788 0.20977
0.18716 0.20960
0.18645 0.20944
0.18576 0.20926
0.18511 0.20909
0.18445 0.20891
0.18385 0.20874
0.18326 0.20856
0.18272 0.20838
0.18218 0.20819
0.18167 0.20801
0.18116 0.20783
0.18068 0.20764
0.18026 0.20746
0.17987 0.20727
0.17952 0.20709
0.17923 0.20690
0.17892 0.20672
0.17866 0.20654
0.17845 0.20635
0.17829 0.20617
0.17813 0.20599
0.17802 0.20581
0.17796 0.20564
0.17794 0.20546
0.17793 0.20529
0.17799 0.20512
0.17808 0.20496
0.17820 0.20479
0.17837 0.20463
0.17857 0.20447
0.17880 0.20432
0.17910 0.20417
0.17940 0.20402
0.17976 0.20388
0.18015 0.20374
0.18058 0.20360
0.18106 0.20347
0.18155 0.20334
0.18211 0.20322
0.18266 0.20310
0.18328 0.20299
0.18392 0.20288
0.18459 0.20278
0.18530 0.20268
0.18604 0.20259
0.18681 0.20250
0.18761 0.20242
0.18845 0.20234
0.18929 0.20227
0.19018 0.20221
0.19108 0.20215
0.19203 0.20209
0.19298 0.20205
0.19396 0.20200
0.19497 0.20197
0.19598 0.20194
0.19704 0.20191
0.19808 0.20189
0.19915 0.20188
0.20025 0.20187
0.20134 0.20186
0.20247 0.20187
0.20358 0.20188
0.20472 0.20189
0.20587 0.20191
0.20701 0.20194
0.20814 0.20197
0.20933 0.20200
0.21047 0.20204
0.21160 0.20209
0.21278 0.20214
0.21395 0.20220
0.21508 0.20226
0.21621 0.20233
0.21734 0.20240
0.21846 0.20248
0.21953 0.20256
0.22060 0.20264
0.22167 0.20273
0.22275 0.20282
0.22382 0.20292
0.22483 0.20302
0.22585 0.20313
0.22686 0.20323
0.22781 0.20335
0.22877 0.20346
0.22972 0.20358
0.23063 0.20370
0.23152 0.20383
0.23239 0.20395
0.23323 0.20408
0.23405 0.20421
0.23482 0.20435
0.23557 0.20448
0.23629 0.20462
0.23696 0.20476
0.23760 0.20490
0.23820 0.20505
0.23875 0.20519
0.23927 0.20534
0.23975 0.20548
0.24017 0.20563
0.24055 0.20577
0.24088 0.20592
0.24117 0.20607
0.24142 0.20622
0.24166 0.20636
0.24185 0.20651
0.24199 0.20665
0.24207 0.20680
0.24210 0.20694
0.24208 0.20708
0.24206 0.20722
0.24199 0.20736
0.24187 0.20750
0.24168 0.20764
0.24145 0.20777
0.24119 0.20790
0.24090 0.20803
0.24055 0.20816
0.24015 0.20829
0.23969 0.20841
0.23924 0.20853
0.23873 0.20865
0.23817 0.20876
0.23757 0.20887
0.23692 0.20898
0.23627 0.20908
0.23556 0.20918
0.23480 0.20928
0.23399 0.20937
0.23318 0.20946
0.23234 0.20954
0.23145 0.20963
0.23052 0.20970
0.22956 0.20978
0.22858 0.20985
0.22758 0.20991
0.22656 0.20997
0.22549 0.21003
0.22439 0.21008
0.22325 0.21013
0.22214 0.21017
0.22100 0.21021
0.21984 0.21024
0.21865 0.21027
0.21744 0.21030
0.21619 0.21032
0.21494 0.21034
0.21371 0.21035
0.21246 0.21036
0.21121 0.21036
0.20996 0.21036
0.20871 0.21035
0.20745 0.21034
0.20618 0.21033
0.20487 0.21031
0.20356 0.21029
0.20225 0.21026
0.20096 0.21023
0.19971 0.21019
0.19845 0.21015
0.19720 0.21011
0.19595 0.21006
0.19470 0.21001
0.19348 0.20995
0.19229 0.20990
0.19110 0.20983
0.18994 0.20977
0.18880 0.20970
0.18768 0.20963
0.18661 0.20955
0.18553 0.20947
0.18452 0.20939
0.18352 0.20931
0.18254 0.20922
0.18155 0.20914
0.18060 0.20904
0.17970 0.20895
0.17883 0.20886
0.17800 0.20876
0.17722 0.20866
0.17649 0.20856
0.17577 0.20845
0.17506 0.20835
0.17440 0.20824
0.17380 0.20814
0.17324 0.20803
0.17273 0.20792
0.17227 0.20781
0.17181 0.20770
0.17140 0.20759
0.17104 0.20748
0.17073 0.20737
0.17048 0.20725
0.17028 0.20714
0.17010 0.20703
0.16995 0.20692
0.16986 0.20681
0.16981 0.20670
0.16982 0.20659
0.16989 0.20648
0.17000 0.20637
0.17012 0.20627
0.17029 0.20616
0.17051 0.20605
0.17078 0.20595
0.17110 0.20585
0.17147 0.20575
0.17188 0.20565
0.17236 0.20556
0.17282 0.20546
0.17332 0.20537
0.17386 0.20528
0.17446 0.20519
0.17510 0.20510
0.17577 0.20502
0.17648 0.20494
0.17724 0.20486
0.17802 0.20479
0.17885 0.20471
0.17971 0.20464
0.18060 0.20458
0.18152 0.20451
0.18247 0.20445
0.18343 0.20439
0.18444 0.20434
0.18546 0.20429
0.18649 0.20424
0.18757 0.20419
0.18864 0.20415
0.18971 0.20411
0.19081 0.20407
0.19198 0.20404
0.19317 0.20401
0.19437 0.20399
0.19556 0.20396
0.19675 0.20394
0.19794 0.20393
0.19913 0.20391
0.20039 0.20390
0.20164 0.20390
0.20287 0.20390
0.20406 0.20390
0.20526 0.20390
0.20652 0.20391
0.20774 0.20392
0.20893 0.20393
0.21014 0.20395
0.21134 0.20397
0.21253 0.20399
0.21369 0.20401
0.21487 0.20404
0.21602 0.20407
0.21715 0.20411
0.21826 0.20414
0.21937 0.20418
0.22044 0.20422
0.22149 0.20427
0.22253 0.20431
0.22354 0.20436
0.22452 0.20441
0.22548 0.20446
0.22640 0.20452
0.22731 0.20458
0.22819 0.20463
0.22902 0.20470
0.22985 0.20476
0.23062 0.20482
0.23135 0.20489
0.23208 0.20495
0.23275 0.20502
0.23338 0.20509
0.23399 0.20516
0.23455 0.20523
0.23508 0.20531
0.23557 0.20538
0.23601 0.20545
0.23643 0.20553
0.23681 0.20560
0.23712 0.20568
0.23742 0.20576
0.23768 0.20583
0.23788 0.20591
0.23803 0.20599
0.23818 0.20606
0.23826 0.20614
0.23829 0.20621
0.23830 0.20629
0.23828 0.20637
0.23820 0.20644
0.23807 0.20651
0.23790 0.20659
0.23773 0.20666
0.23749 0.20673
0.23721 0.20680
0.23689 0.20687
0.23652 0.20694
0.23613 0.20701
0.23572 0.20707
0.23528 0.20714
0.23481 0.20720
0.23428 0.20726
0.23373 0.20732
0.23313 0.20738
0.23251 0.20744
0.23185 0.20750
0.23117 0.20755
0.23045 0.20760
0.22973 0.20765
0.22896 0.20770
0.22818 0.20774
0.22741 0.20779
0.22657 0.20783
0.22569 0.20787
0.22480 0.20791
0.22390 0.20794
0.22301 0.20798
0.22211 0.20801
0.22120 0.20804
0.22025 0.20806
0.21930 0.20809
0.21834 0.20811
0.21737 0.20813
0.21635 0.20815
0.21534 0.20816
0.21433 0.20818
0.21332 0.20819
0.21231 0.20820
0.21128 0.20820
0.21027 0.20821
0.20925 0.20821
0.20824 0.20821
0.20723 0.20821
0.20623 0.20820
0.20524 0.20820
0.20425 0.20819
0.20328 0.20818
0.20231 0.20817
0.20136 0.20815
0.20043 0.20814
0.19951 0.20812
0.19860 0.20810
0.19772 0.20808
0.19684 0.20805
0.19600 0.20803
0.19516 0.20800
0.19436 0.20797
0.19358 0.20794
0.19281 0.20791
0.19209 0.20788
0.19137 0.20784
0.19069 0.20781
0.19003 0.20777
0.18941 0.20774
0.18882 0.20770
0.18824 0.20766
0.18772 0.20762
0.18721 0.20758
0.18673 0.20753
0.18629 0.20749
0.18588 0.20745
0.18551 0.20740
0.18515 0.20736
0.18485 0.20731
0.18457 0.20727
0.18433 0.20722
0.18412 0.20718
0.18395 0.20713
0.18381 0.20708
0.18370 0.20704
0.18363 0.20699
0.18359 0.20695
0.18359 0.20690
0.18362 0.20685
0.18369 0.20681
0.18379 0.20676
0.18391 0.20672
0.18409 0.20668
0.18427 0.20663
0.18451 0.20659
0.18478 0.20655
0.18505 0.20651
0.18538 0.20647
0.18574 0.20643
0.18610 0.20639
0.18650 0.20635
0.18695 0.20631
0.18742 0.20627
0.18789 0.20624
0.18838 0.20621
0.18891 0.20617
0.18947 0.20614
0.19007 0.20611
0.19068 0.20608
0.19133 0.20605
0.19198 0.20603
0.19261 0.20600
0.19326 0.20598
0.19392 0.20596
0.19463 0.20594
0.19534 0.20592
0.19609 0.20590
0.19686 0.20588
0.19764 0.20586
0.19841 0.20585
0.19919 0.20584
0.19990 0.20583
0.20068 0.20582
0.20145 0.20581
0.20223 0.20580
0.20300 0.20580
0.20378 0.20580
0.20455 0.20579
0.20531 0.20579
0.20609 0.20579
0.20685 0.20579
0.20760 0.20580
0.20835 0.20580
0.20908 0.20581
0.20981 0.20582
0.21052 0.20582
0.21124 0.20583
0.21192 0.20584
0.21260 0.20586
0.21326 0.20587
0.21390 0.20588
0.21454 0.20590
0.21513 0.20592
0.21573 0.20593
0.21630 0.20595
0.21684 0.20597
0.21737 0.20599
0.21787 0.20601
0.21835 0.20603
0.21881 0.20606
0.21924 0.20608
0.21964 0.20610
0.22003 0.20613
0.22038 0.20615
0.22070 0.20618
0.22101 0.20620
0.22128 0.20623
0.22152 0.20625
0.22173 0.20628
0.22192 0.20631
0.22209 0.20634
0.22221 0.20636
0.22230 0.20639
0.22238 0.20642
0.22242 0.20644
0.22243 0.20647
0.22241 0.20650
0.22236 0.20653
0.22228 0.20655
0.22218 0.20658
0.22205 0.20661
0.22188 0.20663
0.22170 0.20666
0.22148 0.20668
0.22122 0.20671
0.22096 0.20673
0.22066 0.20675
0.22033 0.20678
0.21999 0.20680
0.21961 0.20682
0.21922 0.20684
0.21880 0.20686
0.21836 0.20688
0.21789 0.20690
0.21742 0.20691
0.21690 0.20693
0.21638 0.20695
0.21583 0.20696
0.21529 0.20697
0.21470 0.20699
0.21411 0.20700
0.21352 0.20701
0.21289 0.20702
0.21226 0.20703
0.21163 0.20703
0.21098 0.20704
0.21032 0.20705
0.20963 0.20705
0.20897 0.20705
0.20832 0.20706
0.20764 0.20706
0.20693 0.20706
0.20621 0.20706
0.20550 0.20705
0.20478 0.20705
0.20407 0.20704
0.20335 0.20704
0.20264 0.20703
0.20192 0.20702
0.20125 0.20701
0.20060 0.20700
0.19994 0.20699
0.19929 0.20698
0.19870 0.20697
0.19807 0.20695
0.19745 0.20694
0.19686 0.20692
0.19629 0.20691
0.19573 0.20689
0.19518 0.20687
0.19466 0.20685
0.19416 0.20683
0.19367 0.20681
0.19322 0.20679
0.19276 0.20677
0.19234 0.20675
0.19195 0.20672
0.19158 0.20670
0.19123 0.20668
0.19091 0.20665
0.19061 0.20663
0.19035 0.20660
0.19010 0.20658
0.18990 0.20655
0.18970 0.20653
0.18955 0.20650
0.18942 0.20647
0.18931 0.20645
0.18926 0.20642
0.18921 0.20640
0.18920 0.20637
0.18923 0.20634
0.18927 0.20632
0.18935 0.20629
0.18947 0.20627
0.18961 0.20624
0.18979 0.20622
0.19000 0.20619
0.19022 0.20617
0.19048 0.20615
0.19078 0.20612
0.19110 0.20610
0.19145 0.20608
0.19182 0.20606
0.19223 0.20604
0.19266 0.20602
0.19312 0.20600
0.19362 0.20598
0.19412 0.20596
0.19466 0.20595
0.19523 0.20593
0.19580 0.20592
0.19641 0.20590
0.19705 0.20589
0.19768 0.20588
0.19836 0.20587
0.19905 0.20586
0.19975 0.20585
0.20048 0.20584
0.20121 0.20583
0.20196 0.20583
0.20273 0.20582
0.20351 0.20582
0.20430 0.20582
0.20510 0.20582
0.20592 0.20582
0.20673 0.20582
0.20756 0.20582
0.20840 0.20582
0.20923 0.20583
0.21007 0.20584
0.21091 0.20584
0.21175 0.20585
0.21259 0.20586
0.21344 0.20587
0.21427 0.20588
0.21510 0.20590
0.21592 0.20591
0.21669 0.20593
0.21751 0.20594
0.21835 0.20596
0.21918 0.20598
0.21997 0.20600
0.22069 0.20602
0.22140 0.20604
0.22212 0.20606
0.22283 0.20609
0.22355 0.20611
0.22420 0.20613
0.22486 0.20616
0.22550 0.20619
0.22610 0.20622
0.22670 0.20624
0.22724 0.20627
0.22777 0.20630
0.22825 0.20633
0.22876 0.20636
0.22924 0.20639
0.22966 0.20643
0.23006 0.20646
0.23042 0.20649
0.23076 0.20652
0.23107 0.20656
0.23134 0.20659
0.23156 0.20663
0.23179 0.20666
0.23196 0.20669
0.23208 0.20673
0.23220 0.20676
0.23226 0.20680
0.23228 0.20683
0.23229 0.20687
0.23223 0.20690
0.23217 0.20693
0.23205 0.20697
0.23190 0.20700
0.23171 0.20703
0.23148 0.20707
0.23123 0.20710
0.23092 0.20713
0.23060 0.20716
0.23022 0.20719
0.22983 0.20722
0.22939 0.20725
0.22892 0.20728
0.22842 0.20731
0.22788 0.20734
0.22731 0.20736
0.22670 0.20739
0.22607 0.20741
0.22540 0.20744
0.22471 0.20746
0.22397 0.20748
0.22323 0.20750
0.22244 0.20752
0.22164 0.20754
0.22080 0.20756
0.21995 0.20757
0.21906 0.20759
0.21817 0.20760
0.21722 0.20761
0.21629 0.20762
0.21531 0.20763
0.21435 0.20764
0.21334 0.20765
0.21233 0.20766
0.21130 0.20766
0.21027 0.20766
0.20921 0.20767
0.20816 0.20767
0.20709 0.20767
0.20600 0.20766
0.20493 0.20766
0.20385 0.20766
0.20275 0.20765
0.20168 0.20764
0.20057 0.20763
0.19948 0.20762
0.19841 0.20761
0.19734 0.20760
0.19626 0.20758
0.19519 0.20757
0.19411 0.20755
0.19304 0.20753
0.19202 0.20751
0.19101 0.20749
0.19000 0.20747
0.18898 0.20745
0.18797 0.20742
0.18702 0.20740
0.18613 0.20737
0.18524 0.20734
0.18434 0.20731
0.18346 0.20728
0.18263 0.20725
0.18179 0.20722
0.18099 0.20719
0.18022 0.20716
0.17947 0.20712
0.17875 0.20709
0.17807 0.20705
0.17741 0.20702
0.17680 0.20698
0.17622 0.20694
0.17568 0.20690
0.17519 0.20686
0.17473 0.20682
0.17431 0.20678
0.17396 0.20674
0.17364 0.20670
0.17337 0.20666
0.17313 0.20662
0.17290 0.20658
0.17272 0.20654
0.17259 0.20650
0.17252 0.20646
0.17250 0.20642
0.17250 0.20638
0.17253 0.20634
0.17262 0.20630
0.17276 0.20626
0.17295 0.20622
0.17315 0.20618
0.17341 0.20614
0.17372 0.20610
0.17408 0.20606
0.17445 0.20602
0.17487 0.20598
0.17535 0.20595
0.17586 0.20591
0.17640 0.20588
0.17699 0.20584
0.17764 0.20581
0.17829 0.20578
0.17899 0.20575
0.17974 0.20571
0.18052 0.20568
0.18132 0.20566
0.18216 0.20563
0.18306 0.20560
0.18395 0.20558
0.18489 0.20555
0.18586 0.20553
0.18686 0.20551
0.18787 0.20549
0.18892 0.20547
0.19000 0.20545
0.19111 0.20543
0.19221 0.20542
0.19334 0.20540
0.19453 0.20539
0.19570 0.20538
0.19688 0.20537
0.19807 0.20536
0.19931 0.20535
0.20056 0.20535
0.20178 0.20534
0.20303 0.20534
0.20428 0.20534
0.20553 0.20534
0.20681 0.20534
0.20812 0.20535
0.20938 0.20535
0.21063 0.20536
0.21188 0.20536
0.21314 0.20537
0.21439 0.20538
0.21564 0.20539
0.21689 0.20541
0.21814 0.20542
0.21939 0.20544
0.22065 0.20546
0.22178 0.20547
0.22292 0.20549
0.22405 0.20551
0.22517 0.20554
0.22624 0.20556
0.22731 0.20558
0.22835 0.20561
0.22937 0.20564
0.23036 0.20566
0.23131 0.20569
0.23224 0.20572
0.23313 0.20575
0.23404 0.20578
0.23493 0.20582
0.23577 0.20585
0.23657 0.20588
0.23734 0.20592
0.23806 0.20596
0.23873 0.20599
0.23937 0.20603
0.23996 0.20607
0.24050 0.20610
0.24099 0.20614
0.24147 0.20618
0.24192 0.20622
0.24233 0.20626
0.24268 0.20630
0.24298 0.20634
0.24322 0.20638
0.24342 0.20642
0.24356 0.20646
0.24371 0.20650
0.24380 0.20654
0.24384 0.20658
0.24383 0.20663
0.24376 0.20667
0.24364 0.20671
0.24346 0.20675
0.24329 0.20679
0.24306 0.20682
0.24279 0.20686
0.24246 0.20690
0.24208 0.20694
0.24165 0.20698
0.24117 0.20701
0.24066 0.20705
0.24014 0.20709
0.23957 0.20712
0.23896 0.20716
0.23831 0.20719
0.23760 0.20722
0.23685 0.20725
0.23608 0.20728
0.23524 0.20731
0.23438 0.20734
0.23348 0.20737
0.23254 0.20740
0.23161 0.20742
0.23065 0.20745
0.22969 0.20747
0.22868 0.20749
0.22766 0.20752
0.22659 0.20754
0.22552 0.20755
0.22443 0.20757
0.22330 0.20759
0.22216 0.20760
0.22101 0.20762
0.21978 0.20763
0.21853 0.20764
0.21728 0.20765
0.21603 0.20766
0.21478 0.20767
0.21352 0.20767
0.21227 0.20768
0.21102 0.20768
0.20977 0.20769
0.20852 0.20769
0.20721 0.20769
0.20592 0.20768
0.20467 0.20768
0.20342 0.20768
0.20216 0.20767
0.20095 0.20766
0.19970 0.20766
0.19844 0.20765
0.19725 0.20763
0.19605 0.20762
0.19489 0.20761
0.19370 0.20760
0.19256 0.20758
0.19143 0.20756
0.19035 0.20755
0.18925 0.20753
0.18818 0.20751
0.18716 0.20749
0.18617 0.20746
0.18517 0.20744
0.18422 0.20742
0.18332 0.20739
0.18243 0.20737
0.18156 0.20734
0.18074 0.20732
0.17997 0.20729
0.17920 0.20726
0.17848 0.20723
0.17782 0.20720
0.17718 0.20717
0.17656 0.20714
0.17600 0.20711
0.17550 0.20708
0.17500 0.20704
0.17455 0.20701
0.17416 0.20698
0.17381 0.20695
0.17347 0.20691
0.17320 0.20688
0.17297 0.20684
0.17280 0.20681
0.17263 0.20678
0.17252 0.20674
0.17246 0.20671
0.17246 0.20667
0.17248 0.20664
0.17254 0.20661
0.17264 0.20657
0.17280 0.20654
0.17301 0.20651
0.17327 0.20647
0.17352 0.20644
0.17382 0.20641
0.17417 0.20638
0.17456 0.20635
0.17499 0.20631
0.17547 0.20628
0.17600 0.20625
0.17655 0.20623
0.17715 0.20620
0.17779 0.20617
0.17845 0.20614
0.17916 0.20612
0.17989 0.20609
0.18066 0.20607
0.18143 0.20604
0.18227 0.20602
0.18310 0.20600
0.18395 0.20597
0.18484 0.20595
0.18574 0.20593
0.18663 0.20592
0.18755 0.20590
0.18857 0.20588
0.18958 0.20587
0.19059 0.20585
0.19161 0.20584
0.19262 0.20582
0.19370 0.20581
0.19477 0.20580
0.19584 0.20579
0.19693 0.20578
0.19800 0.20578
0.19907 0.20577
0.20015 0.20576
0.20128 0.20576
0.20235 0.20576
0.20344 0.20575
0.20454 0.20575
0.20561 0.20575
0.20670 0.20575
0.20778 0.20576
0.20884 0.20576
0.20991 0.20576
0.21093 0.20577
0.21199 0.20577
0.21300 0.20578
0.21401 0.20579
0.21500 0.20580
0.21598 0.20581
0.21693 0.20582
0.21787 0.20583
0.21878 0.20584
0.21968 0.20585
0.22054 0.20587
0.22139 0.20588
0.22220 0.20590
0.22301 0.20591
0.22376 0.20593
0.22451 0.20595
0.22521 0.20597
0.22590 0.20598
0.22654 0.20600
0.22717 0.20602
0.22775 0.20604
0.22831 0.20606
0.22883 0.20608
0.22932 0.20611
0.22977 0.20613
0.23019 0.20615
0.23057 0.20617
0.23091 0.20620
0.23122 0.20622
0.23150 0.20624
0.23173 0.20627
0.23194 0.20629
0.23210 0.20631
0.23224 0.20634
0.23232 0.20636
0.23239 0.20638
0.23240 0.20641
0.23238 0.20643
0.23234 0.20646
0.23224 0.20648
0.23212 0.20650
0.23197 0.20653
0.23177 0.20655
0.23155 0.20657
0.23130 0.20659
0.23100 0.20662
0.23065 0.20664
0.23031 0.20666
0.22994 0.20668
0.22952 0.20670
0.22906 0.20672
0.22857 0.20674
0.22806 0.20676
0.22755 0.20678
0.22701 0.20680
0.22644 0.20682
0.22584 0.20683
0.22522 0.20685
0.22456 0.20686
0.22391 0.20688
0.22322 0.20689
0.22250 0.20691
0.22179 0.20692
0.22107 0.20693
0.22036 0.20695
0.21960 0.20696
0.21877 0.20697
0.21793 0.20698
0.21710 0.20699
0.21633 0.20700
0.21552 0.20700
0.21469 0.20701
0.21386 0.20702
0.21302 0.20702
0.21216 0.20703
0.21133 0.20703
0.21049 0.20703
0.20963 0.20704
0.20880 0.20704
0.20796 0.20704
0.20712 0.20704
0.20631 0.20704
0.20547 0.20704
0.20468 0.20703
0.20387 0.20703
0.20308 0.20703
0.20231 0.20702
0.20155 0.20702
0.20080 0.20701
0.20006 0.20701
0.19935 0.20700
0.19864 0.20699
0.19796 0.20698
0.19731 0.20698
0.19666 0.20697
0.19605 0.20696
0.19545 0.20695
0.19487 0.20694
0.19433 0.20693
0.19380 0.20692
0.19330 0.20690
0.19283 0.20689
0.19238 0.20688
0.19196 0.20687
0.19156 0.20685
0.19121 0.20684
0.19086 0.20683
0.19056 0.20681
0.19029 0.20680
0.19003 0.20678
0.18981 0.20677
0.18963 0.20675
0.18947 0.20674
0.18934 0.20672
0.18924 0.20671
0.18917 0.20669
0.18914 0.20668
0.18914 0.20666
0.18916 0.20665
0.18921 0.20663
0.18930 0.20662
0.18941 0.20661
0.18955 0.20659
0.18972 0.20658
0.18992 0.20656
0.19016 0.20655
0.19040 0.20653
0.19069 0.20652
0.19099 0.20651
0.19133 0.20650
0.19169 0.20648
0.19209 0.20647
0.19249 0.20646
0.19293 0.20645
0.19337 0.20644
0.19385 0.20643
0.19435 0.20642
0.19486 0.20641
0.19539 0.20640
0.19596 0.20639
0.19650 0.20638
0.19710 0.20637
0.19770 0.20636
0.19833 0.20636
0.19893 0.20635
0.19956 0.20635
0.20022 0.20634
0.20087 0.20634
0.20153 0.20633
0.20224 0.20633
0.20296 0.20633
0.20367 0.20632
0.20439 0.20632
0.20511 0.20632
0.20582 0.20632
0.20654 0.20632
0.20725 0.20632
0.20796 0.20632
0.20861 0.20633
0.20927 0.20633
0.20993 0.20633
0.21062 0.20633
0.21127 0.20634
0.21193 0.20634
0.21254 0.20635
0.21319 0.20635
0.21379 0.20636
0.21438 0.20637
0.21497 0.20637
0.21553 0.20638
0.21609 0.20639
0.21662 0.20640
0.21713 0.20641
0.21762 0.20641
0.21809 0.20642
0.21855 0.20643
0.21898 0.20644
0.21939 0.20646
0.21978 0.20647
0.22013 0.20648
0.22048 0.20649
0.22078 0.20650
0.22107 0.20651
0.22133 0.20652
0.22155 0.20654
0.22176 0.20655
0.22193 0.20656
0.22207 0.20657
0.22220 0.20659
0.22229 0.20660
0.22235 0.20661
0.22238 0.20662
0.22239 0.20664
0.22236 0.20665
0.22230 0.20666
0.22222 0.20667
0.22211 0.20669
0.22196 0.20670
0.22179 0.20671
0.22159 0.20672
0.22136 0.20673
0.22109 0.20674
0.22082 0.20676
0.22051 0.20677
0.22016 0.20678
0.21979 0.20679
0.21940 0.20680
0.21898 0.20681
0.21853 0.20682
0.21807 0.20683
0.21758 0.20683
0.21706 0.20684
0.21653 0.20685
0.21597 0.20686
0.21538 0.20686
0.21479 0.20687
0.21416 0.20688
0.21354 0.20688
0.21288 0.20689
0.21222 0.20689
0.21154 0.20689
0.21083 0.20690
0.21013 0.20690
0.20941 0.20690
0.20867 0.20690
0.20794 0.20690
0.20718 0.20690
0.20643 0.20690
0.20566 0.20690
0.20490 0.20690
0.20413 0.20690
0.20335 0.20690
0.20258 0.20689
0.20181 0.20689
0.20103 0.20688
0.20026 0.20688
0.19953 0.20687
0.19876 0.20687
0.19798 0.20686
0.19721 0.20685
0.19643 0.20684
0.19566 0.20684
0.19493 0.20683
0.19428 0.20682
0.19362 0.20681
0.19296 0.20680
0.19231 0.20679
0.19171 0.20677
0.19111 0.20676
0.19047 0.20675
0.18987 0.20674
0.18928 0.20672
0.18874 0.20671
0.18822 0.20669
0.18775 0.20668
0.18729 0.20667
0.18682 0.20665
0.18640 0.20664
0.18603 0.20662
0.18567 0.20660
0.18532 0.20659
0.18502 0.20657
0.18476 0.20655
0.18451 0.20654
0.18431 0.20652
0.18413 0.20650
0.18398 0.20649
0.18388 0.20647
0.18379 0.20645
0.18375 0.20644
0.18373 0.20642
0.18376 0.20640
0.18380 0.20638
0.18390 0.20637
0.18401 0.20635
0.18418 0.20633
0.18436 0.20632
0.18460 0.20630
0.18485 0.20629
0.18515 0.20627
0.18548 0.20625
0.18583 0.20624
0.18624 0.20622
0.18665 0.20621
0.18712 0.20619
0.18761 0.20618
0.18813 0.20617
0.18869 0.20615
0.18926 0.20614
0.18988 0.20613
0.19051 0.20612
0.19118 0.20611
0.19188 0.20610
0.19259 0.20609
0.19335 0.20608
0.19411 0.20607
0.19491 0.20606
0.19573 0.20605
0.19656 0.20605
0.19743 0.20604
0.19829 0.20603
0.19920 0.20603
0.20009 0.20602
0.20103 0.20602
0.20197 0.20602
0.20293 0.20601
0.20388 0.20601
0.20488 0.20601
0.20586 0.20601
0.20686 0.20601
0.20785 0.20601
0.20887 0.20602
0.20987 0.20602
0.21088 0.20602
0.21190 0.20603
0.21291 0.20603
0.21393 0.20604
0.21493 0.20604
0.21594 0.20605
0.21695 0.20606
0.21793 0.20607
0.21888 0.20608
0.21983 0.20609
0.22081 0.20610
0.22176 0.20611
0.22269 0.20612
0.22358 0.20613
0.22447 0.20615
0.22537 0.20616
0.22621 0.20618
0.22704 0.20619
0.22786 0.20621
0.22864 0.20622
0.22941 0.20624
0.23017 0.20626
0.23089 0.20627
0.23160 0.20629
0.23226 0.20631
0.23292 0.20633
0.23351 0.20635
0.23410 0.20637
0.23463 0.20639
0.23513 0.20641
0.23560 0.20643
0.23602 0.20645
0.23639 0.20647
0.23674 0.20650
0.23710 0.20652
0.23740 0.20654
0.23764 0.20656
0.23784 0.20658
0.23799 0.20661
0.23813 0.20663
0.23824 0.20665
0.23829 0.20667
0.23828 0.20670
0.23825 0.20672
0.23819 0.20674
0.23807 0.20676
0.23790 0.20678
0.23772 0.20681
0.23749 0.20683
0.23719 0.20685
0.23688 0.20687
0.23653 0.20689
0.23612 0.20691
0.23569 0.20693
0.23522 0.20695
0.23468 0.20697
0.23414 0.20699
0.23355 0.20701
0.23291 0.20703
0.23226 0.20704
0.23155 0.20706
0.23081 0.20708
0.23005 0.20709
0.22924 0.20711
0.22841 0.20712
0.22755 0.20714
0.22665 0.20715
0.22574 0.20717
0.22479 0.20718
0.22379 0.20719
0.22280 0.20720
0.22178 0.20721
0.22071 0.20722
0.21965 0.20723
0.21856 0.20724
0.21744 0.20724
0.21632 0.20725
0.21519 0.20726
0.21399 0.20726
0.21285 0.20726
0.21166 0.20727
0.21047 0.20727
0.20924 0.20727
0.20805 0.20727
0.20684 0.20727
0.20559 0.20727
0.20437 0.20727
0.20318 0.20726
0.20196 0.20726
0.20070 0.20726
0.19945 0.20725
0.19825 0.20724
0.19706 0.20724
0.19587 0.20723
0.19468 0.20722
0.19349 0.20721
0.19229 0.20720
0.19114 0.20719
0.19001 0.20718
0.18892 0.20717
0.18785 0.20715
0.18677 0.20714
0.18570 0.20713
0.18469 0.20711
0.18367 0.20709
0.18268 0.20708
0.18173 0.20706
0.18078 0.20704
0.17988 0.20702
0.17900 0.20701
0.17817 0.20699
0.17736 0.20697
0.17658 0.20695
0.17585 0.20692
0.17515 0.20690
0.17450 0.20688
0.17389 0.20686
0.17332 0.20684
0.17279 0.20681
0.17232 0.20679
0.17189 0.20677
0.17148 0.20674
0.17109 0.20672
0.17074 0.20669
0.17044 0.20667
0.17020 0.20665
0.17001 0.20662
0.16988 0.20660
0.16980 0.20657
0.16973 0.20655
0.16969 0.20652
0.16971 0.20650
0.16978 0.20647
0.16991 0.20645
0.17008 0.20643
0.17031 0.20640
0.17055 0.20638
0.17083 0.20635
0.17117 0.20633
0.17156 0.20631
0.17201 0.20629
0.17250 0.20626
0.17299 0.20624
0.17353 0.20622
0.17412 0.20620
0.17476 0.20618
0.17545 0.20616
0.17618 0.20614
0.17694 0.20612
0.17771 0.20610
0.17852 0.20608
0.17936 0.20606
0.18026 0.20605
0.18119 0.20603
0.18215 0.20601
0.18316 0.20600
0.18420 0.20599
0.18523 0.20597
0.18627 0.20596
0.18735 0.20595
0.18845 0.20594
0.18958 0.20592
0.19072 0.20591
0.19191 0.20591
0.19310 0.20590
0.19430 0.20589
0.19555 0.20588
0.19680 0.20588
0.19805 0.20587
0.19930 0.20587
0.20056 0.20586
0.20183 0.20586
0.20314 0.20586
0.20445 0.20586
0.20576 0.20586
0.20707 0.20586
0.20832 0.20586
0.20957 0.20586
0.21082 0.20587
0.21208 0.20587
0.21333 0.20588
0.21460 0.20588
0.21585 0.20589
0.21711 0.20589
0.21833 0.20590
0.21953 0.20591
0.22072 0.20592
0.22185 0.20593
0.22299 0.20594
0.22412 0.20595
0.22525 0.20597
0.22632 0.20598
0.22737 0.20599
0.22838 0.20601
0.22936 0.20602
0.23035 0.20604
0.23130 0.20605
0.23220 0.20607
0.23305 0.20609
0.23388 0.20611
0.23471 0.20612
0.23548 0.20614
0.23620 0.20616
0.23688 0.20618
0.23753 0.20620
0.23816 0.20622
0.23874 0.20624
0.23927 0.20626
0.23974 0.20628
0.24021 0.20631
0.24063 0.20633
0.24099 0.20635
0.24130 0.20637
0.24156 0.20639
0.24181 0.20642
0.24201 0.20644
0.24216 0.20646
0.24226 0.20648
0.24229 0.20651
0.24231 0.20653
0.24230 0.20655
0.24224 0.20657
0.24212 0.20660
0.24195 0.20662
0.24172 0.20664
0.24145 0.20666
0.24118 0.20668
0.24087 0.20671
0.24052 0.20673
0.24010 0.20675
0.23964 0.20677
0.23915 0.20679
0.23861 0.20681
0.23802 0.20683
0.23739 0.20685
0.23674 0.20687
0.23603 0.20688
0.23530 0.20690
0.23452 0.20692
0.23373 0.20693
0.23289 0.20695
0.23204 0.20697
0.23115 0.20698
0.23025 0.20700
0.22931 0.20701
0.22835 0.20702
0.22740 0.20704
0.22640 0.20705
0.22539 0.20706
0.22436 0.20707
0.22329 0.20708
0.22222 0.20709
0.22114 0.20710
0.22007 0.20711
0.21900 0.20711
0.21788 0.20712
0.21675 0.20713
0.21562 0.20713
0.21448 0.20714
0.21331 0.20714
0.21212 0.20714
0.21098 0.20714
0.20983 0.20715
0.20864 0.20715
0.20749 0.20715
0.20635 0.20715
0.20517 0.20715
0.20404 0.20714
0.20291 0.20714
0.20177 0.20714
0.20067 0.20713
0.19956 0.20713
0.19847 0.20712
0.19741 0.20712
0.19634 0.20711
0.19531 0.20710
0.19429 0.20710
0.19329 0.20709
0.19232 0.20708
0.19136 0.20707
0.19045 0.20706
0.18954 0.20705
0.18867 0.20704
0.18782 0.20703
0.18700 0.20701
0.18621 0.20700
0.18545 0.20699
0.18473 0.20698
0.18403 0.20696
0.18338 0.20695
0.18274 0.20693
0.18216 0.20692
0.18159 0.20690
0.18107 0.20689
0.18058 0.20687
0.18013 0.20685
0.17973 0.20684
0.17934 0.20682
0.17902 0.20681
0.17871 0.20679
0.17845 0.20677
0.17824 0.20675
0.17804 0.20674
0.17791 0.20672
0.17780 0.20670
0.17773 0.20669
0.17771 0.20667
0.17772 0.20665
0.17776 0.20663
0.17786 0.20662
0.17799 0.20660
0.17814 0.20658
0.17833 0.20657
0.17857 0.20655
0.17887 0.20653
0.17915 0.20652
0.17949 0.20650
0.17986 0.20648
0.18028 0.20647
0.18074 0.20645
0.18124 0.20644
0.18173 0.20642
0.18224 0.20641
0.18278 0.20640
0.18337 0.20638
0.18397 0.20637
0.18461 0.20636
0.18527 0.20634
0.18595 0.20633
0.18666 0.20632
0.18738 0.20631
0.18810 0.20630
0.18892 0.20629
0.18975 0.20628
0.19059 0.20627
0.19142 0.20626
0.19226 0.20625
0.19309 0.20624
0.19398 0.20624
0.19487 0.20623
0.19576 0.20622
0.19666 0.20622
0.19761 0.20621
0.19852 0.20621
0.19941 0.20621
0.20036 0.20620
0.20129 0.20620
0.20220 0.20620
0.20315 0.20620
0.20405 0.20619
0.20499 0.20619
0.20589 0.20619
0.20681 0.20619
0.20770 0.20619
0.20859 0.20620
0.20947 0.20620
0.21035 0.20620
0.21119 0.20620
0.21204 0.20621
0.21286 0.20621
0.21369 0.20621
0.21448 0.20622
0.21526 0.20622
0.21602 0.20623
0.21674 0.20624
0.21747 0.20624
0.21816 0.20625
0.21882 0.20626
0.21948 0.20626
0.22010 0.20627
0.22069 0.20628
0.22126 0.20629
0.22180 0.20630
0.22231 0.20631
0.22280 0.20632
0.22326 0.20633
0.22369 0.20634
0.22409 0.20635
0.22445 0.20636
0.22479 0.20637
0.22509 0.20638
0.22536 0.20639
0.22561 0.20640
0.22582 0.20641
0.22599 0.20642
0.22615 0.20643
0.22625 0.20644
0.22634 0.20646
0.22639 0.20647
0.22640 0.20648
0.22640 0.20649
0.22635 0.20650
0.22628 0.20651
0.22616 0.20652
0.22603 0.20653
0.22585 0.20655
0.22566 0.20656
0.22543 0.20657
0.22518 0.20658
0.22488 0.20659
0.22458 0.20660
0.22423 0.20661
0.22386 0.20662
0.22348 0.20663
0.22305 0.20664
0.22261 0.20665
0.22215 0.20665
0.22166 0.20666
0.22113 0.20667
0.22062 0.20668
0.22008 0.20669
0.21951 0.20669
0.21891 0.20670
0.21828 0.20671
0.21767 0.20671
0.21707 0.20672
0.21643 0.20672
0.21577 0.20673
0.21512 0.20673
0.21446 0.20674
0.21381 0.20674
0.21314 0.20675
0.21243 0.20675
0.21171 0.20675
0.21101 0.20675
0.21029 0.20676
0.20957 0.20676
0.20886 0.20676
0.20814 0.20676
0.20743 0.20676
0.20671 0.20676
0.20599 0.20676
0.20529 0.20676
0.20460 0.20676
0.20388 0.20676
0.20323 0.20675
0.20253 0.20675
0.20188 0.20675
0.20123 0.20675
0.20058 0.20674
0.19997 0.20674
0.19936 0.20674
0.19877 0.20673
0.19818 0.20673
0.19763 0.20672
0.19709 0.20672
0.19657 0.20671
0.19608 0.20670
0.19559 0.20670
0.19515 0.20669
0.19471 0.20669
0.19430 0.20668
0.19392 0.20667
0.19355 0.20666
0.19322 0.20666
0.19292 0.20665
0.19263 0.20664
0.19238 0.20663
0.19215 0.20663
0.19195 0.20662
0.19177 0.20661
0.19163 0.20660
0.19152 0.20659
0.19144 0.20658
0.19137 0.20658
0.19134 0.20657
0.19135 0.20656
0.19138 0.20655
0.19143 0.20654
0.19152 0.20654
0.19164 0.20653
0.19178 0.20652
0.19195 0.20651
0.19216 0.20650
0.19238 0.20650
0.19263 0.20649
0.19292 0.20648
0.19323 0.20647
0.19356 0.20647
0.19392 0.20646
0.19431 0.20645
0.19471 0.20645
0.19515 0.20644
0.19561 0.20644
0.19608 0.20643
0.19659 0.20642
0.19710 0.20642
0.19764 0.20641
0.19819 0.20641
0.19876 0.20641
0.19936 0.20640
0.19997 0.20640
0.20059 0.20640
0.20123 0.20639
0.20188 0.20639
0.20254 0.20639
0.20321 0.20639
0.20389 0.20639
0.20460 0.20638
0.20527 0.20638
0.20598 0.20638
0.20670 0.20638
0.20741 0.20638
0.20812 0.20639
0.20884 0.20639
0.20955 0.20639
0.21027 0.20639
0.21097 0.20639
0.21169 0.20640
0.21240 0.20640
0.21312 0.20640
0.21380 0.20641
0.21446 0.20641
0.21511 0.20642
0.21577 0.20642
0.21642 0.20643
0.21705 0.20643
0.21765 0.20644
0.21827 0.20644
0.21888 0.20645
0.21948 0.20646
0.22004 0.20646
0.22058 0.20647
0.22108 0.20648
0.22162 0.20649
0.22210 0.20650
0.22254 0.20650
0.22299 0.20651
0.22341 0.20652
0.22378 0.20653
0.22415 0.20654
0.22448 0.20655
0.22479 0.20656
0.22508 0.20657
0.22532 0.20658
0.22555 0.20659
0.22573 0.20660
0.22591 0.20661
0.22603 0.20662
0.22614 0.20663
0.22621 0.20664
0.22625 0.20665
0.22626 0.20666
0.22623 0.20667
0.22618 0.20668
0.22608 0.20669
0.22598 0.20670
0.22582 0.20671
0.22563 0.20672
0.22542 0.20673
0.22517 0.20674
0.22489 0.20675
0.22459 0.20676
0.22424 0.20677
0.22387 0.20678
0.22347 0.20679
0.22304 0.20679
0.22258 0.20680
0.22210 0.20681
0.22157 0.20682
0.22103 0.20682
0.22046 0.20683
0.21985 0.20684
0.21924 0.20684
0.21859 0.20685
0.21791 0.20686
0.21722 0.20686
0.21650 0.20687
0.21576 0.20687
0.21501 0.20688
0.21423 0.20688
0.21344 0.20688
0.21263 0.20689
0.21180 0.20689
0.21096 0.20689
0.21009 0.20689
0.20924 0.20689
0.20835 0.20689
0.20747 0.20689
0.20657 0.20689
0.20567 0.20689
0.20475 0.20689
0.20384 0.20689
0.20292 0.20689
0.20199 0.20689
0.20109 0.20688
0.20014 0.20688
0.19923 0.20688
0.19834 0.20687
0.19739 0.20687
0.19649 0.20686
0.19559 0.20686
0.19470 0.20685
0.19381 0.20684
0.19298 0.20684
0.19214 0.20683
0.19131 0.20682
0.19048 0.20681
0.18964 0.20680
0.18885 0.20679
0.18808 0.20678
0.18735 0.20678
0.18664 0.20676
0.18592 0.20675
0.18524 0.20674
0.18459 0.20673
0.18394 0.20672
0.18334 0.20671
0.18276 0.20670
0.18222 0.20668
0.18171 0.20667
0.18123 0.20666
0.18078 0.20665
0.18033 0.20663
0.17991 0.20662
0.17954 0.20661
0.17922 0.20659
0.17894 0.20658
0.17867 0.20656
0.17843 0.20655
0.17824 0.20654
0.17811 0.20652
0.17799 0.20651
0.17790 0.20649
0.17787 0.20648
0.17788 0.20646
0.17790 0.20645
0.17799 0.20643
0.17810 0.20642
0.17825 0.20641
0.17845 0.20639
0.17867 0.20638
