QEq 0.14751
0.14753 0.14753
0.14758 0.14756
0.14768 0.14760
0.14780 0.14765
0.14796 0.14771
0.14816 0.14778
0.14838 0.14787
0.14864 0.14797
0.14894 0.14808
0.14927 0.14820
0.14964 0.14833
0.15004 0.14847
0.15046 0.14862
0.15092 0.14879
0.15141 0.14896
0.15193 0.14915
0.15248 0.14934
0.15305 0.14955
0.15366 0.14977
0.15429 0.14999
0.15494 0.15023
0.15562 0.15047
0.15631 0.15073
0.15704 0.15099
0.15778 0.15126
0.15854 0.15154
0.15932 0.15183
0.16012 0.15212
0.16093 0.15243
0.16175 0.15274
0.16260 0.15306
0.16343 0.15338
0.16431 0.15371
0.16517 0.15405
0.16605 0.15439
0.16693 0.15474
0.16782 0.15509
0.16870 0.15545
0.16960 0.15582
0.17049 0.15618
0.17137 0.15655
0.17226 0.15693
0.17315 0.15730
0.17404 0.15768
0.17494 0.15807
0.17583 0.15845
0.17672 0.15884
0.17755 0.15923
0.17838 0.15962
0.17922 0.16002
0.18002 0.16041
0.18079 0.16080
0.18155 0.16119
0.18226 0.16158
0.18300 0.16197
0.18371 0.16236
0.18436 0.16274
0.18501 0.16313
0.18564 0.16351
0.18621 0.16389
0.18680 0.16426
0.18732 0.16464
0.18784 0.16500
0.18830 0.16537
0.18875 0.16573
0.18915 0.16608
0.18953 0.16643
0.18987 0.16678
0.19016 0.16712
0.19044 0.16745
0.19067 0.16778
0.19086 0.16810
0.19101 0.16841
0.19113 0.16872
0.19121 0.16902
0.19125 0.16931
0.19125 0.16960
0.19121 0.16987
0.19112 0.17014
0.19100 0.17040
0.19085 0.17065
0.19065 0.17090
0.19041 0.17113
0.19013 0.17136
0.18981 0.17158
0.18945 0.17178
0.18905 0.17198
0.18861 0.17217
0.18814 0.17235
0.18762 0.17252
0.18707 0.17268
0.18648 0.17283
0.18586 0.17297
0.18520 0.17310
0.18450 0.17322
0.18378 0.17333
0.18301 0.17343
0.18222 0.17352
0.18140 0.17360
0.18055 0.17367
0.17966 0.17373
0.17875 0.17378
0.17781 0.17382
0.17684 0.17385
0.17586 0.17387
0.17484 0.17387
0.17381 0.17387
0.17276 0.17386
0.17169 0.17384
0.17060 0.17381
0.16950 0.17378
0.16837 0.17373
0.16724 0.17367
0.16610 0.17360
0.16495 0.17353
0.16378 0.17344
0.16260 0.17335
0.16143 0.17325
0.16026 0.17314
0.15907 0.17302
0.15790 0.17290
0.15671 0.17277
0.15554 0.17263
0.15437 0.17248
0.15321 0.17232
0.15204 0.17216
0.15090 0.17200
0.14977 0.17182
0.14867 0.17164
0.14754 0.17146
0.14642 0.17127
0.14535 0.17107
0.14427 0.17087
0.14322 0.17066
0.14223 0.17045
0.14127 0.17024
0.14032 0.17002
0.13939 0.16980
0.13849 0.16957
0.13760 0.16934
0.13676 0.16911
0.13594 0.16888
0.13516 0.16864
0.13442 0.16841
0.13371 0.16817
0.13305 0.16793
0.13244 0.16768
0.13188 0.16744
0.13134 0.16720
0.13082 0.16696
0.13036 0.16671
0.12996 0.16647
0.12960 0.16623
0.12927 0.16599
0.12900 0.16575
0.12877 0.16552
0.12858 0.16528
0.12846 0.16505
0.12837 0.16482
0.12834 0.16459
0.12834 0.16436
0.12841 0.16414
0.12852 0.16392
0.12868 0.16371
0.12888 0.16350
0.12915 0.16329
0.12945 0.16309
0.12982 0.16289
0.13022 0.16270
0.13067 0.16251
0.13119 0.16233
0.13173 0.16215
0.13233 0.16198
0.13298 0.16181
0.13367 0.16165
0.13440 0.16149
0.13520 0.16134
0.13601 0.16120
0.13689 0.16107
0.13781 0.16094
0.13875 0.16081
0.13975 0.16070
0.14078 0.16059
0.14186 0.16049
0.14296 0.16039
0.14410 0.16031
0.14528 0.16023
0.14649 0.16015
0.14773 0.16009
0.14901 0.16003
0.15031 0.15998
0.15163 0.15993
0.15299 0.15990
0.15436 0.15987
0.15575 0.15985
0.15718 0.15983
0.15861 0.15983
0.16007 0.15983
0.16154 0.15984
0.16302 0.15985
0.16452 0.15988
0.16601 0.15991
0.16753 0.15995
0.16903 0.15999
0.17056 0.16004
0.17207 0.16010
0.17360 0.16016
0.17511 0.16024
0.17664 0.16032
0.17813 0.16040
0.17964 0.16049
0.18113 0.16059
0.18263 0.16069
0.18409 0.16080
0.18552 0.16092
0.18695 0.16104
0.18836 0.16116
0.18973 0.16129
0.19110 0.16143
0.19247 0.16157
0.19380 0.16172
0.19506 0.16187
0.19631 0.16202
0.19756 0.16218
0.19877 0.16234
0.19995 0.16251
0.20104 0.16268
0.20212 0.16285
0.20314 0.16303
0.20414 0.16321
0.20509 0.16339
0.20600 0.16357
0.20687 0.16376
0.20769 0.16395
0.20847 0.16413
0.20918 0.16433
0.20985 0.16452
0.21046 0.16471
0.21101 0.16490
0.21156 0.16510
0.21206 0.16529
0.21249 0.16549
0.21286 0.16568
0.21316 0.16588
0.21340 0.16607
0.21361 0.16627
0.21376 0.16646
0.21385 0.16665
0.21387 0.16684
0.21384 0.16703
0.21377 0.16721
0.21362 0.16740
0.21341 0.16758
0.21316 0.16776
0.21285 0.16793
0.21247 0.16811
0.21204 0.16828
0.21158 0.16845
0.21103 0.16861
0.21043 0.16877
0.20979 0.16893
0.20909 0.16908
0.20832 0.16923
0.20753 0.16938
0.20666 0.16952
0.20575 0.16965
0.20481 0.16979
0.20380 0.16991
0.20274 0.17004
0.20165 0.17015
0.20050 0.17026
0.19931 0.17037
0.19809 0.17047
0.19681 0.17057
0.19550 0.17066
0.19417 0.17074
0.19279 0.17082
0.19136 0.17090
0.18993 0.17097
0.18845 0.17103
0.18693 0.17109
0.18541 0.17114
0.18386 0.17118
0.18227 0.17122
0.18066 0.17125
0.17903 0.17128
0.17741 0.17130
0.17575 0.17132
0.17408 0.17133
0.17236 0.17133
0.17069 0.17133
0.16902 0.17132
0.16732 0.17131
0.16559 0.17129
0.16386 0.17126
0.16213 0.17123
0.16042 0.17119
0.15875 0.17115
0.15708 0.17111
0.15541 0.17105
0.15374 0.17100
0.15207 0.17093
0.15043 0.17087
0.14883 0.17079
0.14722 0.17072
0.14562 0.17063
0.14407 0.17055
0.14252 0.17046
0.14103 0.17036
0.13954 0.17026
0.13811 0.17016
0.13670 0.17005
0.13533 0.16994
0.13401 0.16983
0.13273 0.16971
0.13143 0.16959
0.13018 0.16946
0.12898 0.16934
0.12783 0.16921
0.12674 0.16907
0.12569 0.16894
0.12471 0.16880
0.12375 0.16866
0.12283 0.16852
0.12196 0.16838
0.12116 0.16823
0.12042 0.16808
0.11975 0.16794
0.11909 0.16779
0.11849 0.16764
0.11796 0.16749
0.11750 0.16734
0.11711 0.16719
0.11674 0.16704
0.11643 0.16689
0.11619 0.16673
0.11603 0.16658
0.11593 0.16643
0.11585 0.16629
0.11584 0.16614
0.11589 0.16599
0.11602 0.16584
0.11622 0.16570
0.11645 0.16556
0.11673 0.16541
0.11707 0.16527
0.11749 0.16514
0.11797 0.16500
0.11852 0.16487
0.11909 0.16474
0.11971 0.16461
0.12039 0.16448
0.12113 0.16436
0.12193 0.16424
0.12278 0.16412
0.12369 0.16401
0.12466 0.16390
0.12567 0.16379
0.12675 0.16369
0.12782 0.16359
0.12892 0.16349
0.13006 0.16340
0.13126 0.16331
0.13249 0.16323
0.13375 0.16315
0.13506 0.16307
0.13639 0.16300
0.13782 0.16293
0.13925 0.16287
0.14075 0.16281
0.14224 0.16275
0.14374 0.16270
0.14529 0.16265
0.14684 0.16261
0.14839 0.16257
0.14996 0.16254
0.15156 0.16251
0.15317 0.16249
0.15478 0.16247
0.15639 0.16245
0.15803 0.16244
0.15970 0.16243
0.16137 0.16243
0.16304 0.16243
0.16469 0.16244
0.16636 0.16245
0.16801 0.16246
0.16965 0.16248
0.17131 0.16250
0.17292 0.16253
0.17455 0.16256
0.17616 0.16259
0.17773 0.16263
0.17932 0.16267
0.18087 0.16272
0.18239 0.16277
0.18390 0.16282
0.18536 0.16288
0.18683 0.16294
0.18824 0.16300
0.18964 0.16307
0.19100 0.16314
0.19232 0.16321
0.19361 0.16329
0.19486 0.16336
0.19608 0.16344
0.19725 0.16353
0.19839 0.16361
0.19947 0.16370
0.20052 0.16379
0.20151 0.16388
0.20248 0.16398
0.20337 0.16407
0.20424 0.16417
0.20504 0.16427
0.20582 0.16437
0.20652 0.16447
0.20717 0.16457
0.20779 0.16467
0.20833 0.16478
0.20884 0.16488
0.20928 0.16499
0.20968 0.16509
0.21001 0.16520
0.21028 0.16531
0.21053 0.16541
0.21069 0.16552
0.21080 0.16562
0.21088 0.16573
0.21089 0.16583
0.21082 0.16594
0.21074 0.16604
0.21059 0.16614
0.21037 0.16625
0.21010 0.16635
0.20981 0.16645
0.20945 0.16655
0.20902 0.16664
0.20854 0.16674
0.20800 0.16683
0.20745 0.16692
0.20686 0.16701
0.20621 0.16710
0.20551 0.16719
0.20476 0.16727
0.20398 0.16736
0.20315 0.16744
0.20227 0.16751
0.20137 0.16759
0.20042 0.16766
0.19945 0.16773
0.19841 0.16780
0.19734 0.16787
0.19621 0.16793
0.19507 0.16799
0.19394 0.16804
0.19275 0.16810
0.19150 0.16815
0.19025 0.16820
0.18900 0.16824
0.18770 0.16829
0.18638 0.16832
0.18507 0.16836
0.18370 0.16839
0.18233 0.16842
0.18098 0.16845
0.17961 0.16847
0.17820 0.16850
0.17682 0.16851
0.17541 0.16853
0.17403 0.16854
0.17260 0.16855
0.17122 0.16855
0.16981 0.16856
0.16840 0.16856
0.16703 0.16855
0.16564 0.16855
0.16426 0.16854
0.16291 0.16853
0.16155 0.16851
0.16021 0.16849
0.15890 0.16847
0.15760 0.16845
0.15632 0.16843
0.15506 0.16840
0.15382 0.16837
0.15261 0.16834
0.15142 0.16830
0.15026 0.16827
0.14913 0.16823
0.14803 0.16818
0.14696 0.16814
0.14593 0.16810
0.14492 0.16805
0.14395 0.16800
0.14302 0.16795
0.14213 0.16790
0.14127 0.16785
0.14046 0.16779
0.13967 0.16773
0.13893 0.16768
0.13824 0.16762
0.13759 0.16756
0.13698 0.16750
0.13641 0.16744
0.13588 0.16737
0.13541 0.16731
0.13498 0.16725
0.13459 0.16718
0.13424 0.16712
0.13395 0.16705
0.13370 0.16699
0.13349 0.16692
0.13332 0.16686
0.13322 0.16679
0.13314 0.16673
0.13312 0.16666
0.13314 0.16660
0.13321 0.16653
0.13332 0.16647
0.13347 0.16641
0.13368 0.16634
0.13391 0.16628
0.13420 0.16622
0.13453 0.16616
0.13489 0.16610
0.13532 0.16604
0.13575 0.16598
0.13623 0.16593
0.13677 0.16587
0.13733 0.16582
0.13791 0.16577
0.13855 0.16572
0.13922 0.16567
0.13993 0.16562
0.14069 0.16557
0.14142 0.16553
0.14220 0.16548
0.14297 0.16544
0.14380 0.16540
0.14464 0.16536
0.14554 0.16533
0.14649 0.16529
0.14744 0.16526
0.14840 0.16523
0.14935 0.16520
0.15032 0.16517
0.15133 0.16515
0.15234 0.16512
0.15336 0.16510
0.15442 0.16508
0.15544 0.16506
0.15649 0.16505
0.15754 0.16504
0.15859 0.16502
0.15965 0.16501
0.16070 0.16501
0.16174 0.16500
0.16281 0.16500
0.16385 0.16499
0.16488 0.16499
0.16592 0.16500
0.16694 0.16500
0.16795 0.16500
0.16894 0.16501
0.16993 0.16502
0.17090 0.16503
0.17186 0.16504
0.17279 0.16506
0.17371 0.16507
0.17460 0.16509
0.17548 0.16511
0.17633 0.16513
0.17716 0.16515
0.17796 0.16517
0.17875 0.16519
0.17949 0.16522
0.18022 0.16524
0.18090 0.16527
0.18157 0.16530
0.18219 0.16533
0.18279 0.16536
0.18336 0.16539
0.18389 0.16542
0.18439 0.16545
0.18486 0.16549
0.18529 0.16552
0.18568 0.16555
0.18604 0.16559
0.18636 0.16562
0.18664 0.16566
0.18689 0.16570
0.18710 0.16573
0.18727 0.16577
0.18740 0.16580
0.18750 0.16584
0.18756 0.16588
0.18758 0.16591
0.18757 0.16595
0.18751 0.16599
0.18742 0.16602
0.18730 0.16606
0.18714 0.16609
0.18694 0.16613
0.18670 0.16616
0.18644 0.16619
0.18613 0.16623
0.18580 0.16626
0.18543 0.16629
0.18503 0.16632
0.18459 0.16635
0.18413 0.16638
0.18365 0.16641
0.18312 0.16644
0.18257 0.16646
0.18200 0.16649
0.18138 0.16651
0.18077 0.16653
0.18011 0.16656
0.17946 0.16658
0.17875 0.16660
0.17804 0.16661
0.17731 0.16663
0.17656 0.16665
0.17580 0.16666
0.17502 0.16668
0.17420 0.16669
0.17342 0.16670
0.17262 0.16671
0.17178 0.16672
0.17095 0.16672
0.17011 0.16673
0.16928 0.16673
0.16845 0.16673
0.16761 0.16674
0.16678 0.16674
0.16594 0.16673
0.16511 0.16673
0.16427 0.16673
0.16342 0.16672
0.16259 0.16672
0.16175 0.16671
0.16096 0.16670
0.16013 0.16669
0.15935 0.16668
0.15856 0.16667
0.15779 0.16665
0.15705 0.16664
0.15632 0.16662
0.15560 0.16660
0.15492 0.16659
0.15423 0.16657
0.15358 0.16655
0.15296 0.16653
0.15235 0.16651
0.15176 0.16648
0.15122 0.16646
0.15070 0.16644
0.15019 0.16641
0.14972 0.16639
0.14929 0.16636
0.14888 0.16633
0.14850 0.16631
0.14816 0.16628
0.14785 0.16625
0.14757 0.16622
0.14733 0.16620
0.14711 0.16617
0.14694 0.16614
0.14680 0.16611
0.14670 0.16608
0.14663 0.16605
0.14660 0.16602
0.14660 0.16599
0.14664 0.16596
0.14672 0.16594
0.14683 0.16591
0.14699 0.16588
0.14717 0.16585
0.14739 0.16583
0.14765 0.16580
0.14794 0.16577
0.14827 0.16575
0.14863 0.16572
0.14903 0.16570
0.14945 0.16567
0.14992 0.16565
0.15041 0.16563
0.15094 0.16561
0.15150 0.16559
0.15209 0.16557
0.15271 0.16555
0.15335 0.16553
0.15403 0.16551
0.15473 0.16550
0.15545 0.16548
0.15620 0.16547
0.15698 0.16546
0.15777 0.16545
0.15859 0.16544
0.15943 0.16543
0.16029 0.16542
0.16116 0.16542
0.16205 0.16541
0.16295 0.16541
0.16388 0.16541
0.16480 0.16541
0.16573 0.16541
0.16669 0.16541
0.16764 0.16541
0.16861 0.16542
0.16957 0.16542
0.17055 0.16543
0.17151 0.16544
0.17250 0.16545
0.17345 0.16546
0.17444 0.16547
0.17540 0.16548
0.17635 0.16550
0.17730 0.16552
0.17820 0.16553
0.17910 0.16555
0.17999 0.16557
0.18088 0.16559
0.18178 0.16562
0.18267 0.16564
0.18351 0.16566
0.18433 0.16569
0.18511 0.16572
0.18589 0.16574
0.18668 0.16577
0.18746 0.16580
0.18818 0.16583
0.18888 0.16586
0.18954 0.16590
0.19015 0.16593
0.19078 0.16596
0.19136 0.16600
0.19188 0.16603
0.19241 0.16607
0.19288 0.16610
0.19331 0.16614
0.19371 0.16618
0.19407 0.16621
0.19440 0.16625
0.19468 0.16629
0.19493 0.16633
0.19513 0.16637
0.19529 0.16641
0.19542 0.16645
0.19550 0.16648
0.19553 0.16652
0.19554 0.16656
0.19549 0.16660
0.19541 0.16664
0.19527 0.16668
0.19510 0.16671
0.19488 0.16675
0.19462 0.16679
0.19431 0.16682
0.19396 0.16686
0.19358 0.16689
0.19315 0.16693
0.19268 0.16696
0.19216 0.16699
0.19161 0.16703
0.19101 0.16706
0.19037 0.16709
0.18969 0.16712
0.18897 0.16715
0.18823 0.16717
0.18744 0.16720
0.18662 0.16722
0.18575 0.16725
0.18486 0.16727
0.18393 0.16729
0.18297 0.16731
0.18198 0.16733
0.18096 0.16735
0.17991 0.16737
0.17883 0.16738
0.17773 0.16739
0.17661 0.16741
0.17546 0.16742
0.17429 0.16742
0.17309 0.16743
0.17188 0.16744
0.17066 0.16744
0.16942 0.16744
0.16816 0.16744
0.16688 0.16744
0.16561 0.16744
0.16433 0.16744
0.16303 0.16743
0.16173 0.16743
0.16043 0.16742
0.15912 0.16741
0.15781 0.16739
0.15651 0.16738
0.15520 0.16737
0.15392 0.16735
0.15261 0.16733
0.15135 0.16731
0.15008 0.16729
0.14881 0.16727
0.14756 0.16724
0.14632 0.16722
0.14513 0.16719
0.14394 0.16716
0.14277 0.16713
0.14164 0.16710
0.14050 0.16706
0.13937 0.16703
0.13831 0.16700
0.13729 0.16696
0.13628 0.16692
0.13530 0.16688
0.13435 0.16684
0.13342 0.16680
0.13252 0.16676
0.13167 0.16672
0.13084 0.16667
0.13007 0.16663
0.12934 0.16658
0.12865 0.16654
0.12800 0.16649
0.12741 0.16644
0.12687 0.16640
0.12640 0.16635
0.12596 0.16630
0.12554 0.16625
0.12518 0.16620
0.12489 0.16615
0.12466 0.16610
0.12444 0.16605
0.12429 0.16600
0.12421 0.16595
0.12414 0.16590
0.12415 0.16585
0.12422 0.16580
0.12432 0.16575
0.12450 0.16570
0.12471 0.16566
0.12498 0.16561
0.12530 0.16556
0.12568 0.16551
0.12610 0.16547
0.12659 0.16542
0.12712 0.16538
0.12770 0.16533
0.12833 0.16529
0.12902 0.16525
0.12974 0.16520
0.13053 0.16516
0.13135 0.16512
0.13223 0.16508
0.13314 0.16505
0.13411 0.16501
0.13512 0.16498
0.13617 0.16494
0.13727 0.16491
0.13839 0.16488
0.13957 0.16485
0.14077 0.16482
0.14202 0.16480
0.14330 0.16477
0.14461 0.16475
0.14596 0.16473
0.14733 0.16471
0.14875 0.16469
0.15016 0.16467
0.15163 0.16466
0.15310 0.16464
0.15461 0.16463
0.15612 0.16462
0.15766 0.16461
0.15921 0.16461
0.16080 0.16460
0.16236 0.16460
0.16397 0.16460
0.16556 0.16460
0.16717 0.16460
0.16878 0.16461
0.17039 0.16462
0.17201 0.16462
0.17362 0.16463
0.17523 0.16465
0.17681 0.16466
0.17841 0.16468
0.18002 0.16469
0.18162 0.16471
0.18317 0.16473
0.18471 0.16476
0.18626 0.16478
0.18779 0.16480
0.18928 0.16483
0.19072 0.16486
0.19215 0.16489
0.19358 0.16492
0.19500 0.16496
0.19632 0.16499
0.19763 0.16503
0.19889 0.16507
0.20014 0.16510
0.20134 0.16514
0.20251 0.16519
0.20365 0.16523
0.20474 0.16527
0.20579 0.16532
0.20680 0.16536
0.20776 0.16541
0.20866 0.16546
0.20952 0.16550
0.21032 0.16555
0.21108 0.16560
0.21177 0.16565
0.21240 0.16570
0.21298 0.16576
0.21354 0.16581
0.21405 0.16586
0.21449 0.16591
0.21487 0.16597
0.21519 0.16602
0.21543 0.16607
0.21563 0.16613
0.21579 0.16618
0.21589 0.16623
0.21591 0.16629
0.21587 0.16634
0.21578 0.16639
0.21564 0.16645
0.21544 0.16650
0.21516 0.16655
0.21482 0.16660
0.21446 0.16665
0.21402 0.16670
0.21351 0.16675
0.21294 0.16680
0.21235 0.16685
0.21169 0.16690
0.21096 0.16695
0.21016 0.16699
0.20935 0.16704
0.20848 0.16708
0.20755 0.16712
0.20655 0.16717
0.20553 0.16721
0.20447 0.16725
0.20334 0.16728
0.20216 0.16732
0.20093 0.16736
0.19970 0.16739
0.19841 0.16742
0.19708 0.16745
0.19571 0.16748
0.19428 0.16751
0.19284 0.16754
0.19139 0.16756
0.18990 0.16759
0.18836 0.16761
0.18681 0.16763
0.18520 0.16765
0.18359 0.16766
0.18192 0.16768
0.18029 0.16769
0.17865 0.16770
0.17698 0.16771
0.17532 0.16772
0.17365 0.16772
0.17195 0.16773
0.17022 0.16773
0.16849 0.16773
0.16676 0.16773
0.16504 0.16773
0.16331 0.16772
0.16158 0.16772
0.15990 0.16771
0.15823 0.16770
0.15656 0.16769
0.15484 0.16768
0.15316 0.16766
0.15149 0.16764
0.14984 0.16763
0.14823 0.16761
0.14663 0.16759
0.14508 0.16756
0.14356 0.16754
0.14201 0.16751
0.14052 0.16749
0.13906 0.16746
0.13764 0.16743
0.13627 0.16739
0.13492 0.16736
0.13359 0.16733
0.13232 0.16729
0.13110 0.16726
0.12992 0.16722
0.12876 0.16718
0.12765 0.16714
0.12661 0.16710
0.12562 0.16706
0.12465 0.16702
0.12374 0.16697
0.12289 0.16693
0.12210 0.16689
0.12134 0.16684
0.12064 0.16679
0.12002 0.16675
0.11943 0.16670
0.11889 0.16665
0.11842 0.16661
0.11803 0.16656
0.11767 0.16651
0.11735 0.16646
0.11711 0.16641
0.11695 0.16636
0.11683 0.16631
0.11675 0.16627
0.11674 0.16622
0.11681 0.16617
0.11695 0.16612
0.11710 0.16607
0.11732 0.16603
0.11760 0.16598
0.11795 0.16593
0.11836 0.16588
0.11884 0.16584
0.11934 0.16579
0.11989 0.16575
0.12049 0.16571
0.12116 0.16566
0.12188 0.16562
0.12266 0.16558
0.12349 0.16554
0.12438 0.16550
0.12531 0.16546
0.12629 0.16542
0.12731 0.16538
0.12838 0.16535
0.12949 0.16531
0.13062 0.16528
0.13181 0.16525
0.13302 0.16522
0.13427 0.16519
0.13553 0.16516
0.13684 0.16513
0.13821 0.16511
0.13960 0.16508
0.14103 0.16506
0.14246 0.16504
0.14389 0.16502
0.14537 0.16500
0.14686 0.16498
0.14835 0.16497
0.14986 0.16495
0.15141 0.16494
0.15295 0.16493
0.15451 0.16492
0.15612 0.16491
0.15771 0.16490
0.15929 0.16490
0.16090 0.16489
0.16248 0.16489
0.16408 0.16489
0.16567 0.16489
0.16726 0.16489
0.16883 0.16490
0.17041 0.16490
0.17196 0.16491
0.17350 0.16492
0.17503 0.16493
0.17655 0.16494
0.17804 0.16495
0.17952 0.16496
0.18096 0.16498
0.18239 0.16499
0.18379 0.16501
0.18517 0.16503
0.18651 0.16505
0.18781 0.16507
0.18910 0.16509
0.19034 0.16512
0.19156 0.16514
0.19273 0.16517
0.19386 0.16519
0.19497 0.16522
0.19602 0.16525
0.19704 0.16528
0.19801 0.16531
0.19893 0.16534
0.19983 0.16537
0.20065 0.16540
0.20145 0.16544
0.20220 0.16547
0.20289 0.16550
0.20354 0.16554
0.20413 0.16557
0.20468 0.16561
0.20517 0.16565
0.20562 0.16568
0.20601 0.16572
0.20636 0.16576
0.20663 0.16579
0.20689 0.16583
0.20706 0.16587
0.20721 0.16590
0.20729 0.16594
0.20732 0.16598
0.20730 0.16602
0.20721 0.16605
0.20710 0.16609
0.20693 0.16613
0.20669 0.16616
0.20642 0.16620
0.20610 0.16624
0.20573 0.16627
0.20529 0.16631
0.20482 0.16634
0.20433 0.16637
0.20378 0.16641
0.20318 0.16644
0.20253 0.16647
0.20182 0.16650
0.20108 0.16653
0.20030 0.16656
0.19947 0.16659
0.19861 0.16662
0.19772 0.16665
0.19679 0.16668
0.19584 0.16670
0.19487 0.16673
0.19386 0.16675
0.19284 0.16677
0.19177 0.16680
0.19067 0.16682
0.18954 0.16684
0.18839 0.16686
0.18720 0.16687
0.18600 0.16689
0.18479 0.16691
0.18356 0.16692
0.18237 0.16693
0.18111 0.16695
0.17986 0.16696
0.17860 0.16697
0.17734 0.16698
0.17605 0.16699
0.17479 0.16699
0.17351 0.16700
0.17222 0.16700
0.17096 0.16701
0.16968 0.16701
0.16840 0.16701
0.16714 0.16701
0.16589 0.16701
0.16464 0.16701
0.16341 0.16700
0.16220 0.16700
0.16100 0.16699
0.15980 0.16699
0.15864 0.16698
0.15749 0.16697
0.15636 0.16696
0.15526 0.16695
0.15418 0.16694
0.15313 0.16693
0.15209 0.16692
0.15109 0.16690
0.15012 0.16689
0.14917 0.16688
0.14826 0.16686
0.14738 0.16684
0.14654 0.16683
0.14572 0.16681
0.14495 0.16679
0.14421 0.16677
0.14351 0.16675
0.14285 0.16673
0.14223 0.16671
0.14164 0.16669
0.14109 0.16667
0.14059 0.16664
0.14012 0.16662
0.13969 0.16660
0.13931 0.16658
0.13897 0.16655
0.13868 0.16653
0.13842 0.16651
0.13821 0.16648
0.13803 0.16646
0.13791 0.16643
0.13782 0.16641
0.13778 0.16639
0.13777 0.16636
0.13781 0.16634
0.13790 0.16631
0.13802 0.16629
0.13818 0.16627
0.13839 0.16624
0.13862 0.16622
0.13891 0.16620
0.13923 0.16618
0.13958 0.16615
0.13998 0.16613
0.14041 0.16611
0.14087 0.16609
0.14138 0.16607
0.14190 0.16605
0.14248 0.16603
0.14307 0.16601
0.14368 0.16599
0.14434 0.16597
0.14505 0.16596
0.14575 0.16594
0.14646 0.16592
0.14722 0.16591
0.14799 0.16589
0.14880 0.16588
0.14963 0.16587
0.15047 0.16585
0.15131 0.16584
0.15220 0.16583
0.15310 0.16582
0.15399 0.16581
0.15491 0.16580
0.15586 0.16579
0.15682 0.16579
0.15775 0.16578
0.15868 0.16577
0.15963 0.16577
0.16059 0.16576
0.16153 0.16576
0.16249 0.16576
0.16343 0.16576
0.16438 0.16576
0.16532 0.16576
0.16624 0.16576
0.16718 0.16576
0.16810 0.16576
0.16899 0.16576
0.16989 0.16576
0.17077 0.16577
0.17163 0.16577
0.17247 0.16578
0.17331 0.16578
0.17412 0.16579
0.17491 0.16580
0.17567 0.16581
0.17642 0.16582
0.17714 0.16582
0.17784 0.16583
0.17851 0.16584
0.17915 0.16585
0.17977 0.16587
0.18036 0.16588
0.18092 0.16589
0.18145 0.16590
0.18195 0.16591
0.18242 0.16593
0.18285 0.16594
0.18326 0.16595
0.18362 0.16597
0.18396 0.16598
0.18426 0.16600
0.18452 0.16601
0.18474 0.16603
0.18494 0.16604
0.18509 0.16606
0.18522 0.16607
0.18530 0.16609
0.18535 0.16610
0.18537 0.16612
0.18535 0.16613
0.18529 0.16615
0.18519 0.16616
0.18506 0.16618
0.18489 0.16619
0.18469 0.16621
0.18446 0.16622
0.18419 0.16623
0.18389 0.16625
0.18355 0.16626
0.18319 0.16628
0.18279 0.16629
0.18236 0.16630
0.18190 0.16631
0.18141 0.16632
0.18089 0.16634
0.18033 0.16635
0.17977 0.16636
0.17917 0.16637
0.17855 0.16638
0.17790 0.16639
0.17723 0.16639
0.17654 0.16640
0.17582 0.16641
0.17511 0.16642
0.17435 0.16642
0.17358 0.16643
0.17280 0.16643
0.17202 0.16644
0.17120 0.16644
0.17039 0.16644
0.16956 0.16645
0.16872 0.16645
0.16789 0.16645
0.16704 0.16645
0.16615 0.16645
0.16531 0.16645
0.16448 0.16645
0.16364 0.16644
0.16281 0.16644
0.16198 0.16644
0.16114 0.16643
0.16031 0.16643
0.15947 0.16642
0.15864 0.16642
0.15783 0.16641
0.15705 0.16640
0.15624 0.16640
0.15546 0.16639
0.15469 0.16638
0.15397 0.16637
0.15323 0.16636
0.15251 0.16635
0.15184 0.16634
0.15117 0.16633
0.15054 0.16632
0.14991 0.16630
0.14933 0.16629
0.14875 0.16628
0.14822 0.16626
0.14771 0.16625
0.14722 0.16624
0.14677 0.16622
0.14636 0.16621
0.14597 0.16619
0.14561 0.16618
0.14529 0.16616
0.14501 0.16614
0.14476 0.16613
0.14455 0.16611
0.14436 0.16610
0.14422 0.16608
0.14411 0.16606
0.14404 0.16605
0.14401 0.16603
0.14401 0.16601
0.14406 0.16600
0.14414 0.16598
0.14426 0.16597
0.14442 0.16595
0.14461 0.16593
0.14485 0.16592
0.14512 0.16590
0.14542 0.16589
0.14577 0.16587
0.14615 0.16586
0.14657 0.16584
0.14703 0.16583
0.14752 0.16582
0.14804 0.16580
0.14861 0.16579
0.14920 0.16578
0.14983 0.16577
0.15049 0.16576
0.15118 0.16575
0.15190 0.16574
0.15265 0.16573
0.15343 0.16572
0.15424 0.16571
0.15507 0.16570
0.15593 0.16569
0.15680 0.16569
0.15771 0.16568
0.15863 0.16568
0.15958 0.16567
0.16054 0.16567
0.16153 0.16567
0.16253 0.16566
0.16355 0.16566
0.16457 0.16566
0.16561 0.16566
0.16666 0.16566
0.16773 0.16566
0.16879 0.16567
0.16987 0.16567
0.17095 0.16567
0.17202 0.16568
0.17311 0.16568
0.17419 0.16569
0.17527 0.16569
0.17635 0.16570
0.17741 0.16571
0.17848 0.16572
0.17955 0.16573
0.18057 0.16574
0.18158 0.16575
0.18264 0.16576
0.18365 0.16578
0.18466 0.16579
0.18565 0.16580
0.18660 0.16582
0.18751 0.16583
0.18840 0.16585
0.18929 0.16587
0.19013 0.16588
0.19096 0.16590
0.19176 0.16592
0.19253 0.16594
0.19326 0.16596
0.19397 0.16598
0.19463 0.16600
0.19528 0.16602
0.19591 0.16604
0.19649 0.16606
0.19702 0.16608
0.19751 0.16611
0.19799 0.16613
0.19841 0.16615
0.19877 0.16617
0.19912 0.16620
0.19941 0.16622
0.19967 0.16624
0.19987 0.16627
0.20004 0.16629
0.20015 0.16632
0.20023 0.16634
0.20025 0.16636
0.20024 0.16639
0.20016 0.16641
0.20006 0.16643
0.19990 0.16646
0.19969 0.16648
0.19945 0.16650
0.19915 0.16653
0.19880 0.16655
0.19841 0.16657
0.19798 0.16659
0.19749 0.16661
0.19696 0.16664
0.19640 0.16666
0.19578 0.16668
0.19512 0.16670
0.19441 0.16671
0.19367 0.16673
0.19289 0.16675
0.19206 0.16677
0.19119 0.16679
0.19028 0.16680
0.18934 0.16682
0.18836 0.16683
0.18734 0.16685
0.18629 0.16686
0.18520 0.16687
0.18409 0.16688
0.18295 0.16690
0.18177 0.16691
0.18056 0.16691
0.17933 0.16692
0.17808 0.16693
0.17680 0.16694
0.17549 0.16694
0.17417 0.16695
0.17284 0.16695
0.17148 0.16696
0.17010 0.16696
0.16872 0.16696
0.16733 0.16696
0.16591 0.16696
0.16450 0.16696
0.16308 0.16695
0.16165 0.16695
0.16022 0.16695
0.15879 0.16694
0.15736 0.16693
0.15594 0.16693
0.15451 0.16692
0.15309 0.16691
0.15170 0.16690
0.15027 0.16689
0.14890 0.16688
0.14753 0.16686
0.14620 0.16685
0.14489 0.16683
0.14358 0.16682
0.14232 0.16680
0.14107 0.16678
0.13981 0.16677
0.13858 0.16675
0.13739 0.16673
0.13624 0.16671
0.13510 0.16669
0.13397 0.16666
0.13289 0.16664
0.13188 0.16662
0.13091 0.16659
0.12997 0.16657
0.12907 0.16654
0.12821 0.16652
0.12739 0.16649
0.12661 0.16647
0.12589 0.16644
0.12521 0.16641
0.12458 0.16638
0.12401 0.16636
0.12344 0.16633
0.12292 0.16630
0.12246 0.16627
0.12207 0.16624
0.12173 0.16621
0.12146 0.16618
0.12120 0.16615
0.12101 0.16612
0.12088 0.16609
0.12083 0.16606
0.12079 0.16603
0.12082 0.16600
0.12093 0.16597
0.12106 0.16594
0.12126 0.16591
0.12153 0.16588
0.12183 0.16586
0.12220 0.16583
0.12263 0.16580
0.12309 0.16577
0.12363 0.16574
0.12421 0.16572
0.12484 0.16569
0.12554 0.16566
0.12627 0.16564
0.12708 0.16561
0.12790 0.16559
0.12880 0.16556
0.12973 0.16554
0.13072 0.16552
0.13175 0.16550
0.13282 0.16547
0.13395 0.16545
0.13510 0.16543
0.13632 0.16542
0.13755 0.16540
0.13883 0.16538
0.14015 0.16536
0.14149 0.16535
0.14289 0.16533
0.14429 0.16532
0.14575 0.16531
0.14722 0.16530
0.14871 0.16529
0.15025 0.16528
0.15179 0.16527
0.15337 0.16526
0.15495 0.16525
0.15656 0.16525
0.15819 0.16524
0.15982 0.16524
0.16146 0.16524
0.16313 0.16524
0.16479 0.16523
0.16646 0.16524
0.16813 0.16524
0.16979 0.16524
0.17148 0.16524
0.17315 0.16525
0.17482 0.16526
0.17649 0.16526
0.17816 0.16527
0.17977 0.16528
0.18138 0.16529
0.18299 0.16530
0.18460 0.16531
0.18620 0.16533
0.18775 0.16534
0.18930 0.16536
0.19083 0.16537
0.19227 0.16539
0.19370 0.16541
0.19509 0.16543
0.19646 0.16545
0.19780 0.16547
0.19911 0.16549
0.20036 0.16551
0.20158 0.16553
0.20277 0.16556
0.20390 0.16558
0.20499 0.16561
0.20604 0.16563
0.20710 0.16566
0.20809 0.16568
0.20904 0.16571
0.20993 0.16574
0.21076 0.16577
0.21153 0.16580
0.21223 0.16582
0.21288 0.16585
0.21349 0.16588
0.21407 0.16591
0.21458 0.16594
0.21503 0.16598
0.21540 0.16601
0.21571 0.16604
0.21599 0.16607
0.21622 0.16610
0.21637 0.16613
0.21646 0.16616
0.21648 0.16619
0.21645 0.16622
0.21638 0.16626
0.21624 0.16629
0.21603 0.16632
0.21576 0.16635
0.21543 0.16638
0.21507 0.16641
0.21464 0.16644
0.21414 0.16647
0.21357 0.16650
0.21295 0.16653
0.21231 0.16655
0.21160 0.16658
0.21084 0.16661
0.21001 0.16664
0.20911 0.16666
0.20817 0.16669
0.20722 0.16671
0.20621 0.16674
0.20514 0.16676
0.20402 0.16678
0.20286 0.16681
0.20164 0.16683
0.20039 0.16685
0.19908 0.16687
0.19772 0.16689
0.19638 0.16690
0.19501 0.16692
0.19360 0.16694
0.19217 0.16695
0.19070 0.16697
0.18921 0.16698
0.18768 0.16699
0.18613 0.16701
0.18458 0.16702
0.18300 0.16703
0.18135 0.16704
0.17968 0.16704
0.17801 0.16705
0.17634 0.16706
0.17467 0.16706
0.17300 0.16706
0.17133 0.16707
0.16966 0.16707
0.16800 0.16707
0.16627 0.16707
0.16454 0.16707
0.16285 0.16706
0.16118 0.16706
0.15951 0.16706
0.15784 0.16705
0.15617 0.16704
0.15454 0.16704
0.15293 0.16703
0.15131 0.16702
0.14972 0.16701
0.14817 0.16700
0.14664 0.16698
0.14511 0.16697
0.14362 0.16696
0.14218 0.16694
0.14075 0.16693
0.13936 0.16691
0.13802 0.16689
0.13668 0.16687
0.13541 0.16686
0.13417 0.16684
0.13296 0.16682
0.13181 0.16679
0.13069 0.16677
0.12961 0.16675
0.12861 0.16673
0.12762 0.16671
0.12669 0.16668
0.12583 0.16666
0.12498 0.16663
0.12421 0.16661
0.12350 0.16658
0.12281 0.16656
0.12220 0.16653
0.12164 0.16650
0.12112 0.16648
0.12068 0.16645
0.12027 0.16642
0.11993 0.16639
0.11965 0.16637
0.11943 0.16634
0.11924 0.16631
0.11913 0.16628
0.11910 0.16626
0.11908 0.16623
0.11912 0.16620
0.11924 0.16617
0.11943 0.16614
0.11964 0.16612
0.11991 0.16609
0.12024 0.16606
0.12063 0.16604
0.12109 0.16601
0.12161 0.16598
0.12213 0.16596
0.12271 0.16593
0.12335 0.16591
0.12403 0.16588
0.12477 0.16586
0.12556 0.16584
0.12639 0.16581
0.12728 0.16579
0.12821 0.16577
0.12916 0.16575
0.13017 0.16573
0.13121 0.16571
0.13228 0.16569
0.13338 0.16567
0.13457 0.16565
0.13577 0.16563
0.13702 0.16562
0.13827 0.16560
0.13952 0.16559
0.14083 0.16557
0.14220 0.16556
0.14357 0.16555
0.14496 0.16553
0.14639 0.16552
0.14782 0.16551
0.14928 0.16550
0.15073 0.16549
0.15216 0.16549
0.15365 0.16548
0.15514 0.16547
0.15662 0.16547
0.15811 0.16546
0.15961 0.16546
0.16110 0.16546
0.16260 0.16546
0.16409 0.16546
0.16557 0.16546
0.16704 0.16546
0.16853 0.16546
0.16998 0.16546
0.17142 0.16546
0.17286 0.16547
0.17427 0.16547
0.17567 0.16548
0.17706 0.16549
0.17841 0.16549
0.17975 0.16550
0.18106 0.16551
0.18235 0.16552
0.18360 0.16553
0.18483 0.16554
0.18603 0.16555
0.18719 0.16557
0.18832 0.16558
0.18942 0.16559
0.19049 0.16561
0.19150 0.16562
0.19249 0.16564
0.19345 0.16565
0.19435 0.16567
0.19521 0.16568
0.19604 0.16570
0.19682 0.16572
0.19755 0.16574
0.19824 0.16576
0.19889 0.16577
0.19948 0.16579
0.20004 0.16581
0.20054 0.16583
0.20100 0.16585
0.20141 0.16587
0.20178 0.16589
0.20208 0.16591
0.20235 0.16593
0.20257 0.16595
0.20273 0.16597
0.20285 0.16600
0.20293 0.16602
0.20295 0.16604
0.20292 0.16606
0.20285 0.16608
0.20273 0.16610
0.20255 0.16612
0.20234 0.16614
0.20207 0.16616
0.20178 0.16618
0.20143 0.16620
0.20102 0.16622
0.20059 0.16624
0.20012 0.16626
0.19959 0.16627
0.19901 0.16629
0.19839 0.16631
0.19777 0.16633
0.19712 0.16634
0.19641 0.16636
0.19567 0.16638
0.19489 0.16639
0.19408 0.16641
0.19324 0.16642
0.19237 0.16644
0.19147 0.16645
0.19058 0.16647
0.18961 0.16648
0.18860 0.16649
0.18758 0.16650
0.18657 0.16651
0.18555 0.16652
0.18448 0.16653
0.18341 0.16654
0.18233 0.16655
0.18120 0.16656
0.18006 0.16657
0.17894 0.16657
0.17781 0.16658
0.17665 0.16659
0.17552 0.16659
0.17435 0.16659
0.17322 0.16660
0.17205 0.16660
0.17089 0.16660
0.16975 0.16661
0.16860 0.16661
0.16746 0.16661
0.16634 0.16661
0.16522 0.16661
0.16410 0.16660
0.16301 0.16660
0.16193 0.16660
0.16087 0.16660
0.15982 0.16659
0.15879 0.16659
0.15777 0.16658
0.15679 0.16658
0.15582 0.16657
0.15487 0.16657
0.15396 0.16656
0.15307 0.16655
0.15221 0.16654
0.15137 0.16654
0.15057 0.16653
0.14980 0.16652
0.14905 0.16651
0.14834 0.16650
0.14767 0.16649
0.14702 0.16648
0.14642 0.16647
0.14585 0.16646
0.14531 0.16645
0.14482 0.16643
0.14435 0.16642
0.14393 0.16641
0.14355 0.16640
0.14320 0.16638
0.14290 0.16637
0.14263 0.16636
0.14240 0.16635
0.14222 0.16633
0.14207 0.16632
0.14196 0.16631
0.14189 0.16629
0.14186 0.16628
0.14187 0.16627
0.14191 0.16626
0.14200 0.16624
0.14212 0.16623
0.14229 0.16622
0.14249 0.16620
0.14272 0.16619
0.14300 0.16618
0.14331 0.16617
0.14365 0.16616
0.14402 0.16614
0.14444 0.16613
0.14488 0.16612
0.14536 0.16611
0.14587 0.16610
0.14640 0.16609
0.14697 0.16608
0.14756 0.16607
0.14818 0.16606
0.14883 0.16605
0.14949 0.16604
0.15019 0.16603
0.15092 0.16602
0.15164 0.16602
0.15239 0.16601
0.15316 0.16600
0.15396 0.16600
0.15480 0.16599
0.15563 0.16599
0.15646 0.16598
0.15730 0.16598
0.15817 0.16597
0.15906 0.16597
0.15995 0.16596
0.16085 0.16596
0.16174 0.16596
0.16264 0.16596
0.16348 0.16596
0.16437 0.16596
0.16527 0.16596
0.16612 0.16596
0.16701 0.16596
0.16786 0.16596
0.16873 0.16596
0.16957 0.16596
0.17040 0.16596
0.17123 0.16597
0.17205 0.16597
0.17283 0.16597
0.17362 0.16598
0.17438 0.16598
0.17512 0.16599
0.17585 0.16599
0.17656 0.16600
0.17725 0.16600
0.17790 0.16601
0.17853 0.16601
0.17915 0.16602
0.17973 0.16603
0.18029 0.16604
0.18082 0.16604
0.18132 0.16605
0.18179 0.16606
0.18223 0.16607
0.18264 0.16608
0.18301 0.16609
0.18336 0.16609
0.18367 0.16610
0.18394 0.16611
0.18419 0.16612
0.18439 0.16613
0.18457 0.16614
0.18471 0.16615
0.18480 0.16616
0.18488 0.16617
0.18491 0.16618
0.18491 0.16619
0.18487 0.16620
0.18479 0.16621
0.18468 0.16622
0.18453 0.16623
0.18435 0.16624
0.18413 0.16625
0.18388 0.16625
0.18360 0.16626
0.18328 0.16627
0.18292 0.16628
0.18254 0.16629
0.18212 0.16630
0.18167 0.16630
0.18119 0.16631
0.18068 0.16632
0.18014 0.16633
0.17957 0.16633
0.17897 0.16634
0.17835 0.16635
0.17770 0.16635
0.17702 0.16636
0.17633 0.16636
0.17561 0.16637
0.17487 0.16637
0.17410 0.16638
0.17332 0.16638
0.17253 0.16638
0.17171 0.16638
0.17087 0.16639
0.17004 0.16639
0.16918 0.16639
0.16830 0.16639
0.16743 0.16639
0.16654 0.16639
0.16565 0.16639
0.16475 0.16639
0.16384 0.16639
0.16295 0.16639
0.16203 0.16639
0.16112 0.16638
0.16023 0.16638
0.15933 0.16638
0.15844 0.16637
0.15756 0.16637
0.15667 0.16636
0.15582 0.16636
0.15498 0.16635
0.15415 0.16635
0.15331 0.16634
0.15248 0.16633
0.15169 0.16632
0.15091 0.16632
0.15016 0.16631
0.14941 0.16630
