Time		QEq:	0.46060
1	0.46060	0.47856	0.47856
2	0.46060	0.47857	0.47856
3	0.46060	0.47857	0.47857
4	0.46060	0.47857	0.47857
5	0.46060	0.47857	0.47857
6	0.46060	0.47856	0.47857
7	0.46060	0.47857	0.47857
8	0.46060	0.47856	0.47857
9	0.46060	0.47857	0.47857
10	0.46060	0.47855	0.47856
11	0.46060	0.47856	0.47856
12	0.46060	0.47855	0.47856
13	0.46060	0.47856	0.47856
14	0.46060	0.47854	0.47856
15	0.46060	0.47855	0.47856
16	0.46060	0.47853	0.47856
17	0.46060	0.47853	0.47856
18	0.46060	0.47851	0.47855
19	0.46060	0.47851	0.47855
20	0.46060	0.47849	0.47855
21	0.46060	0.47847	0.47854
22	0.46060	0.47846	0.47854
23	0.46060	0.47842	0.47854
24	0.46060	0.47842	0.47853
25	0.46060	0.47839	0.47852
26	0.46060	0.47834	0.47852
27	0.46060	0.47832	0.47851
28	0.46060	0.47828	0.47850
29	0.46060	0.47822	0.47849
30	0.46060	0.47819	0.47848
31	0.46060	0.47814	0.47847
32	0.46060	0.47808	0.47846
33	0.46060	0.47799	0.47844
34	0.46060	0.47795	0.47843
35	0.46060	0.47789	0.47841
36	0.46060	0.47781	0.47840
37	0.46060	0.47772	0.47838
38	0.46060	0.47761	0.47836
39	0.46060	0.47749	0.47834
40	0.46060	0.47738	0.47831
41	0.46060	0.47729	0.47829
42	0.46060	0.47720	0.47826
43	0.46060	0.47708	0.47823
44	0.46060	0.47696	0.47821
45	0.46060	0.47684	0.47818
46	0.46060	0.47670	0.47814
47	0.46060	0.47655	0.47811
48	0.46060	0.47640	0.47807
49	0.46060	0.47622	0.47804
50	0.46060	0.47601	0.47800
51	0.46060	0.47580	0.47795
52	0.46060	0.47559	0.47791
53	0.46060	0.47538	0.47786
54	0.46060	0.47517	0.47781
55	0.46060	0.47496	0.47776
56	0.46060	0.47469	0.47770
57	0.46060	0.47442	0.47765
58	0.46060	0.47415	0.47759
59	0.46060	0.47388	0.47752
60	0.46060	0.47355	0.47746
61	0.46060	0.47324	0.47739
62	0.46060	0.47294	0.47732
63	0.46060	0.47259	0.47724
64	0.46060	0.47223	0.47716
65	0.46060	0.47189	0.47708
66	0.46060	0.47151	0.47700
67	0.46060	0.47113	0.47691
68	0.46060	0.47073	0.47682
69	0.46060	0.47032	0.47672
70	0.46060	0.46991	0.47663
71	0.46060	0.46946	0.47653
72	0.46060	0.46904	0.47642
73	0.46060	0.46857	0.47631
74	0.46060	0.46812	0.47620
75	0.46060	0.46762	0.47609
76	0.46060	0.46714	0.47597
77	0.46060	0.46663	0.47585
78	0.46060	0.46613	0.47573
79	0.46060	0.46559	0.47560
80	0.46060	0.46506	0.47547
81	0.46060	0.46451	0.47533
82	0.46060	0.46395	0.47519
83	0.46060	0.46339	0.47505
84	0.46060	0.46281	0.47490
85	0.46060	0.46222	0.47475
86	0.46060	0.46162	0.47460
87	0.46060	0.46102	0.47445
88	0.46060	0.46040	0.47429
89	0.46060	0.45978	0.47412
90	0.46060	0.45914	0.47396
91	0.46060	0.45850	0.47379
92	0.46060	0.45786	0.47361
93	0.46060	0.45720	0.47344
94	0.46060	0.45654	0.47326
95	0.46060	0.45587	0.47307
96	0.46060	0.45521	0.47289
97	0.46060	0.45452	0.47270
98	0.46060	0.45385	0.47251
99	0.46060	0.45315	0.47231
100	0.46060	0.45247	0.47211
101	0.46060	0.45176	0.47191
102	0.46060	0.45107	0.47171
103	0.46060	0.45036	0.47150
104	0.46060	0.44967	0.47129
105	0.46060	0.44896	0.47108
106	0.46060	0.44827	0.47086
107	0.46060	0.44755	0.47064
108	0.46060	0.44686	0.47042
109	0.46060	0.44615	0.47020
110	0.46060	0.44545	0.46998
111	0.46060	0.44477	0.46975
112	0.46060	0.44406	0.46952
113	0.46060	0.44337	0.46929
114	0.46060	0.44270	0.46905
115	0.46060	0.44201	0.46882
116	0.46060	0.44134	0.46858
117	0.46060	0.44069	0.46834
118	0.46060	0.44000	0.46810
119	0.46060	0.43935	0.46786
120	0.46060	0.43872	0.46762
121	0.46060	0.43810	0.46738
122	0.46060	0.43745	0.46713
123	0.46060	0.43682	0.46688
124	0.46060	0.43622	0.46664
125	0.46060	0.43564	0.46639
126	0.46060	0.43507	0.46614
127	0.46060	0.43453	0.46589
128	0.46060	0.43397	0.46564
129	0.46060	0.43341	0.46539
130	0.46060	0.43287	0.46514
131	0.46060	0.43233	0.46489
132	0.46060	0.43183	0.46464
133	0.46060	0.43133	0.46439
134	0.46060	0.43085	0.46414
135	0.46060	0.43039	0.46389
136	0.46060	0.42994	0.46364
137	0.46060	0.42955	0.46339
138	0.46060	0.42920	0.46314
139	0.46060	0.42884	0.46290
140	0.46060	0.42851	0.46265
141	0.46060	0.42819	0.46241
142	0.46060	0.42787	0.46216
143	0.46060	0.42759	0.46192
144	0.46060	0.42735	0.46168
145	0.46060	0.42713	0.46144
146	0.46060	0.42692	0.46121
147	0.46060	0.42672	0.46097
148	0.46060	0.42657	0.46074
149	0.46060	0.42644	0.46051
150	0.46060	0.42632	0.46028
151	0.46060	0.42626	0.46006
152	0.46060	0.42620	0.45983
153	0.46060	0.42616	0.45961
154	0.46060	0.42616	0.45940
155	0.46060	0.42616	0.45918
156	0.46060	0.42620	0.45897
157	0.46060	0.42629	0.45876
158	0.46060	0.42640	0.45856
159	0.46060	0.42655	0.45836
160	0.46060	0.42672	0.45816
161	0.46060	0.42692	0.45796
162	0.46060	0.42713	0.45777
163	0.46060	0.42737	0.45759
164	0.46060	0.42762	0.45740
165	0.46060	0.42791	0.45723
166	0.46060	0.42823	0.45705
167	0.46060	0.42858	0.45688
168	0.46060	0.42896	0.45671
169	0.46060	0.42938	0.45655
170	0.46060	0.42982	0.45640
171	0.46060	0.43027	0.45624
172	0.46060	0.43076	0.45609
173	0.46060	0.43126	0.45595
174	0.46060	0.43182	0.45581
175	0.46060	0.43238	0.45568
176	0.46060	0.43298	0.45555
177	0.46060	0.43359	0.45543
178	0.46060	0.43425	0.45531
179	0.46060	0.43491	0.45519
180	0.46060	0.43559	0.45508
181	0.46060	0.43632	0.45498
182	0.46060	0.43705	0.45488
183	0.46060	0.43782	0.45479
184	0.46060	0.43860	0.45470
185	0.46060	0.43942	0.45462
186	0.46060	0.44023	0.45454
187	0.46060	0.44110	0.45447
188	0.46060	0.44196	0.45440
189	0.46060	0.44285	0.45434
190	0.46060	0.44376	0.45429
191	0.46060	0.44469	0.45423
192	0.46060	0.44563	0.45419
193	0.46060	0.44660	0.45415
194	0.46060	0.44756	0.45412
195	0.46060	0.44857	0.45409
196	0.46060	0.44957	0.45407
197	0.46060	0.45059	0.45405
198	0.46060	0.45164	0.45404
199	0.46060	0.45267	0.45403
200	0.46060	0.45374	0.45403
201	0.46060	0.45481	0.45403
202	0.46060	0.45587	0.45404
203	0.46060	0.45698	0.45405
204	0.46060	0.45807	0.45407
205	0.46060	0.45915	0.45410
206	0.46060	0.46029	0.45413
207	0.46060	0.46140	0.45416
208	0.46060	0.46250	0.45420
209	0.46060	0.46362	0.45425
210	0.46060	0.46476	0.45430
211	0.46060	0.46589	0.45435
212	0.46060	0.46703	0.45441
213	0.46060	0.46814	0.45448
214	0.46060	0.46924	0.45455
215	0.46060	0.47034	0.45462
216	0.46060	0.47148	0.45470
217	0.46060	0.47261	0.45478
218	0.46060	0.47374	0.45487
219	0.46060	0.47487	0.45496
220	0.46060	0.47598	0.45506
221	0.46060	0.47709	0.45516
222	0.46060	0.47819	0.45526
223	0.46060	0.47929	0.45537
224	0.46060	0.48037	0.45548
225	0.46060	0.48139	0.45559
226	0.46060	0.48241	0.45571
227	0.46060	0.48342	0.45583
228	0.46060	0.48443	0.45596
229	0.46060	0.48542	0.45609
230	0.46060	0.48640	0.45622
231	0.46060	0.48737	0.45635
232	0.46060	0.48829	0.45649
233	0.46060	0.48922	0.45663
234	0.46060	0.49014	0.45678
235	0.46060	0.49102	0.45692
236	0.46060	0.49186	0.45707
237	0.46060	0.49269	0.45722
238	0.46060	0.49352	0.45737
239	0.46060	0.49429	0.45753
240	0.46060	0.49507	0.45768
241	0.46060	0.49582	0.45784
242	0.46060	0.49654	0.45800
243	0.46060	0.49725	0.45816
244	0.46060	0.49792	0.45833
245	0.46060	0.49857	0.45849
246	0.46060	0.49917	0.45866
247	0.46060	0.49974	0.45882
248	0.46060	0.50028	0.45899
249	0.46060	0.50079	0.45916
250	0.46060	0.50128	0.45933
251	0.46060	0.50173	0.45949
252	0.46060	0.50216	0.45966
253	0.46060	0.50254	0.45983
254	0.46060	0.50291	0.46000
255	0.46060	0.50324	0.46017
256	0.46060	0.50354	0.46034
257	0.46060	0.50381	0.46051
258	0.46060	0.50404	0.46068
259	0.46060	0.50425	0.46085
260	0.46060	0.50441	0.46102
261	0.46060	0.50456	0.46118
262	0.46060	0.50465	0.46135
263	0.46060	0.50473	0.46151
264	0.46060	0.50475	0.46168
265	0.46060	0.50476	0.46184
266	0.46060	0.50473	0.46200
267	0.46060	0.50466	0.46216
268	0.46060	0.50457	0.46232
269	0.46060	0.50443	0.46248
270	0.46060	0.50428	0.46263
271	0.46060	0.50407	0.46278
272	0.46060	0.50386	0.46293
273	0.46060	0.50359	0.46308
274	0.46060	0.50330	0.46323
275	0.46060	0.50297	0.46337
276	0.46060	0.50263	0.46352
277	0.46060	0.50224	0.46366
278	0.46060	0.50183	0.46379
279	0.46060	0.50138	0.46393
280	0.46060	0.50092	0.46406
281	0.46060	0.50041	0.46419
282	0.46060	0.49990	0.46432
283	0.46060	0.49933	0.46444
284	0.46060	0.49877	0.46456
285	0.46060	0.49813	0.46468
286	0.46060	0.49748	0.46479
287	0.46060	0.49680	0.46491
288	0.46060	0.49609	0.46501
289	0.46060	0.49537	0.46512
290	0.46060	0.49463	0.46522
291	0.46060	0.49385	0.46532
292	0.46060	0.49308	0.46541
293	0.46060	0.49226	0.46551
294	0.46060	0.49140	0.46559
295	0.46060	0.49054	0.46568
296	0.46060	0.48967	0.46576
297	0.46060	0.48879	0.46584
298	0.46060	0.48785	0.46591
299	0.46060	0.48690	0.46598
300	0.46060	0.48595	0.46605
301	0.46060	0.48499	0.46611
302	0.46060	0.48404	0.46617
303	0.46060	0.48305	0.46623
304	0.46060	0.48202	0.46628
305	0.46060	0.48098	0.46633
306	0.46060	0.47993	0.46637
307	0.46060	0.47886	0.46641
308	0.46060	0.47778	0.46645
309	0.46060	0.47671	0.46648
310	0.46060	0.47560	0.46651
311	0.46060	0.47450	0.46654
312	0.46060	0.47340	0.46656
313	0.46060	0.47232	0.46658
314	0.46060	0.47125	0.46659
315	0.46060	0.47017	0.46660
316	0.46060	0.46907	0.46661
317	0.46060	0.46796	0.46661
318	0.46060	0.46685	0.46662
319	0.46060	0.46574	0.46661
320	0.46060	0.46466	0.46661
321	0.46060	0.46356	0.46660
322	0.46060	0.46246	0.46658
323	0.46060	0.46136	0.46657
324	0.46060	0.46029	0.46655
325	0.46060	0.45921	0.46653
326	0.46060	0.45812	0.46650
327	0.46060	0.45708	0.46647
328	0.46060	0.45601	0.46644
329	0.46060	0.45497	0.46640
330	0.46060	0.45394	0.46637
331	0.46060	0.45290	0.46633
332	0.46060	0.45191	0.46628
333	0.46060	0.45089	0.46624
334	0.46060	0.44992	0.46619
335	0.46060	0.44894	0.46614
336	0.46060	0.44798	0.46608
337	0.46060	0.44705	0.46603
338	0.46060	0.44611	0.46597
339	0.46060	0.44522	0.46591
340	0.46060	0.44432	0.46584
341	0.46060	0.44345	0.46578
342	0.46060	0.44260	0.46571
343	0.46060	0.44176	0.46564
344	0.46060	0.44096	0.46557
345	0.46060	0.44015	0.46549
346	0.46060	0.43939	0.46542
347	0.46060	0.43863	0.46534
348	0.46060	0.43791	0.46526
349	0.46060	0.43720	0.46518
350	0.46060	0.43653	0.46510
351	0.46060	0.43586	0.46502
352	0.46060	0.43524	0.46493
353	0.46060	0.43463	0.46485
354	0.46060	0.43403	0.46476
355	0.46060	0.43348	0.46467
356	0.46060	0.43294	0.46458
357	0.46060	0.43244	0.46449
358	0.46060	0.43194	0.46440
359	0.46060	0.43149	0.46431
360	0.46060	0.43106	0.46422
361	0.46060	0.43066	0.46412
362	0.46060	0.43027	0.46403
363	0.46060	0.42991	0.46394
364	0.46060	0.42958	0.46384
365	0.46060	0.42928	0.46375
366	0.46060	0.42901	0.46365
367	0.46060	0.42878	0.46356
368	0.46060	0.42856	0.46346
369	0.46060	0.42838	0.46337
370	0.46060	0.42822	0.46327
371	0.46060	0.42810	0.46318
372	0.46060	0.42798	0.46308
373	0.46060	0.42791	0.46299
374	0.46060	0.42785	0.46289
375	0.46060	0.42782	0.46280
376	0.46060	0.42782	0.46271
377	0.46060	0.42782	0.46262
378	0.46060	0.42785	0.46252
379	0.46060	0.42791	0.46243
380	0.46060	0.42799	0.46234
381	0.46060	0.42810	0.46225
382	0.46060	0.42825	0.46216
383	0.46060	0.42840	0.46207
384	0.46060	0.42856	0.46199
385	0.46060	0.42876	0.46190
386	0.46060	0.42900	0.46182
387	0.46060	0.42925	0.46173
388	0.46060	0.42952	0.46165
389	0.46060	0.42979	0.46157
390	0.46060	0.43008	0.46149
391	0.46060	0.43037	0.46141
392	0.46060	0.43074	0.46133
393	0.46060	0.43113	0.46125
394	0.46060	0.43153	0.46118
395	0.46060	0.43194	0.46110
396	0.46060	0.43238	0.46103
397	0.46060	0.43283	0.46096
398	0.46060	0.43330	0.46089
399	0.46060	0.43378	0.46082
400	0.46060	0.43428	0.46075
401	0.46060	0.43475	0.46069
402	0.46060	0.43523	0.46063
403	0.46060	0.43574	0.46056
404	0.46060	0.43626	0.46050
405	0.46060	0.43681	0.46045
406	0.46060	0.43737	0.46039
407	0.46060	0.43794	0.46033
408	0.46060	0.43849	0.46028
409	0.46060	0.43907	0.46023
410	0.46060	0.43967	0.46018
411	0.46060	0.44027	0.46013
412	0.46060	0.44086	0.46008
413	0.46060	0.44148	0.46004
414	0.46060	0.44210	0.45999
415	0.46060	0.44271	0.45995
416	0.46060	0.44334	0.45991
417	0.46060	0.44397	0.45987
418	0.46060	0.44460	0.45984
419	0.46060	0.44525	0.45980
420	0.46060	0.44587	0.45977
421	0.46060	0.44652	0.45974
422	0.46060	0.44716	0.45971
423	0.46060	0.44780	0.45968
424	0.46060	0.44844	0.45965
425	0.46060	0.44908	0.45963
426	0.46060	0.44973	0.45961
427	0.46060	0.45036	0.45958
428	0.46060	0.45100	0.45956
429	0.46060	0.45163	0.45955
430	0.46060	0.45226	0.45953
431	0.46060	0.45289	0.45951
432	0.46060	0.45351	0.45950
433	0.46060	0.45414	0.45949
434	0.46060	0.45474	0.45948
435	0.46060	0.45537	0.45947
436	0.46060	0.45596	0.45946
437	0.46060	0.45657	0.45945
438	0.46060	0.45715	0.45945
439	0.46060	0.45774	0.45944
440	0.46060	0.45832	0.45944
441	0.46060	0.45888	0.45944
442	0.46060	0.45945	0.45944
443	0.46060	0.45999	0.45944
444	0.46060	0.46055	0.45944
445	0.46060	0.46108	0.45945
446	0.46060	0.46162	0.45945
447	0.46060	0.46213	0.45946
448	0.46060	0.46264	0.45946
449	0.46060	0.46314	0.45947
450	0.46060	0.46363	0.45948
451	0.46060	0.46411	0.45949
452	0.46060	0.46459	0.45950
453	0.46060	0.46505	0.45952
454	0.46060	0.46550	0.45953
455	0.46060	0.46594	0.45954
456	0.46060	0.46637	0.45956
457	0.46060	0.46679	0.45957
458	0.46060	0.46721	0.45959
459	0.46060	0.46760	0.45961
460	0.46060	0.46801	0.45963
461	0.46060	0.46837	0.45965
462	0.46060	0.46875	0.45967
463	0.46060	0.46910	0.45969
464	0.46060	0.46944	0.45971
465	0.46060	0.46980	0.45973
466	0.46060	0.47011	0.45975
467	0.46060	0.47042	0.45977
468	0.46060	0.47075	0.45980
469	0.46060	0.47104	0.45982
470	0.46060	0.47131	0.45985
471	0.46060	0.47158	0.45987
472	0.46060	0.47188	0.45990
473	0.46060	0.47215	0.45992
474	0.46060	0.47238	0.45995
475	0.46060	0.47262	0.45997
476	0.46060	0.47286	0.46000
477	0.46060	0.47310	0.46003
478	0.46060	0.47334	0.46006
479	0.46060	0.47358	0.46008
480	0.46060	0.47376	0.46011
481	0.46060	0.47393	0.46014
482	0.46060	0.47409	0.46017
483	0.46060	0.47424	0.46020
484	0.46060	0.47439	0.46023
485	0.46060	0.47454	0.46026
486	0.46060	0.47468	0.46029
487	0.46060	0.47480	0.46032
488	0.46060	0.47492	0.46035
489	0.46060	0.47509	0.46038
490	0.46060	0.47524	0.46041
491	0.46060	0.47538	0.46044
492	0.46060	0.47550	0.46047
493	0.46060	0.47561	0.46050
494	0.46060	0.47570	0.46053
495	0.46060	0.47581	0.46056
496	0.46060	0.47593	0.46059
497	0.46060	0.47603	0.46062
498	0.46060	0.47612	0.46066
499	0.46060	0.47621	0.46069
500	0.46060	0.47631	0.46072
501	0.46060	0.47639	0.46075
502	0.46060	0.47648	0.46078
503	0.46060	0.47656	0.46081
504	0.46060	0.47663	0.46084
505	0.46060	0.47672	0.46087
506	0.46060	0.47680	0.46091
507	0.46060	0.47686	0.46094
508	0.46060	0.47695	0.46097
509	0.46060	0.47701	0.46100
510	0.46060	0.47709	0.46103
511	0.46060	0.47715	0.46106
512	0.46060	0.47722	0.46110
513	0.46060	0.47729	0.46113
514	0.46060	0.47736	0.46116
515	0.46060	0.47742	0.46119
516	0.46060	0.47749	0.46122
517	0.46060	0.47756	0.46125
518	0.46060	0.47763	0.46128
519	0.46060	0.47769	0.46132
520	0.46060	0.47776	0.46135
521	0.46060	0.47782	0.46138
522	0.46060	0.47790	0.46141
523	0.46060	0.47795	0.46144
524	0.46060	0.47803	0.46147
525	0.46060	0.47810	0.46151
526	0.46060	0.47817	0.46154
527	0.46060	0.47824	0.46157
528	0.46060	0.47830	0.46160
529	0.46060	0.47838	0.46163
530	0.46060	0.47843	0.46166
531	0.46060	0.47851	0.46170
532	0.46060	0.47857	0.46173
533	0.46060	0.47865	0.46176
534	0.46060	0.47871	0.46179
535	0.46060	0.47879	0.46182
536	0.46060	0.47885	0.46186
537	0.46060	0.47892	0.46189
538	0.46060	0.47899	0.46192
539	0.46060	0.47905	0.46195
540	0.46060	0.47912	0.46198
541	0.46060	0.47918	0.46201
542	0.46060	0.47925	0.46205
543	0.46060	0.47930	0.46208
544	0.46060	0.47936	0.46211
545	0.46060	0.47942	0.46214
546	0.46060	0.47947	0.46217
547	0.46060	0.47953	0.46220
548	0.46060	0.47957	0.46224
549	0.46060	0.47963	0.46227
550	0.46060	0.47966	0.46230
551	0.46060	0.47970	0.46233
552	0.46060	0.47974	0.46236
553	0.46060	0.47976	0.46239
554	0.46060	0.47980	0.46243
555	0.46060	0.47983	0.46246
556	0.46060	0.47983	0.46249
557	0.46060	0.47984	0.46252
558	0.46060	0.47986	0.46255
559	0.46060	0.47986	0.46258
560	0.46060	0.47983	0.46261
561	0.46060	0.47983	0.46264
562	0.46060	0.47983	0.46267
563	0.46060	0.47981	0.46270
564	0.46060	0.47977	0.46273
565	0.46060	0.47972	0.46276
566	0.46060	0.47965	0.46279
567	0.46060	0.47957	0.46282
568	0.46060	0.47954	0.46285
569	0.46060	0.47948	0.46288
570	0.46060	0.47942	0.46291
571	0.46060	0.47935	0.46294
572	0.46060	0.47926	0.46297
573	0.46060	0.47917	0.46300
574	0.46060	0.47908	0.46303
575	0.46060	0.47896	0.46305
576	0.46060	0.47883	0.46308
577	0.46060	0.47865	0.46311
578	0.46060	0.47847	0.46313
579	0.46060	0.47829	0.46316
580	0.46060	0.47811	0.46319
581	0.46060	0.47793	0.46321
582	0.46060	0.47775	0.46324
583	0.46060	0.47753	0.46326
584	0.46060	0.47729	0.46328
585	0.46060	0.47705	0.46331
586	0.46060	0.47682	0.46333
587	0.46060	0.47653	0.46335
588	0.46060	0.47624	0.46338
589	0.46060	0.47594	0.46340
590	0.46060	0.47561	0.46342
591	0.46060	0.47528	0.46344
592	0.46060	0.47495	0.46346
593	0.46060	0.47458	0.46348
594	0.46060	0.47421	0.46349
595	0.46060	0.47384	0.46351
596	0.46060	0.47342	0.46353
597	0.46060	0.47303	0.46354
598	0.46060	0.47259	0.46356
599	0.46060	0.47216	0.46357
600	0.46060	0.47169	0.46359
601	0.46060	0.47123	0.46360
602	0.46060	0.47074	0.46361
603	0.46060	0.47026	0.46362
604	0.46060	0.46974	0.46363
605	0.46060	0.46923	0.46364
606	0.46060	0.46869	0.46365
607	0.46060	0.46815	0.46366
608	0.46060	0.46759	0.46366
609	0.46060	0.46703	0.46367
610	0.46060	0.46643	0.46367
611	0.46060	0.46585	0.46368
612	0.46060	0.46523	0.46368
613	0.46060	0.46462	0.46368
614	0.46060	0.46399	0.46368
615	0.46060	0.46335	0.46368
616	0.46060	0.46271	0.46368
617	0.46060	0.46204	0.46368
618	0.46060	0.46138	0.46367
619	0.46060	0.46069	0.46367
620	0.46060	0.46001	0.46366
621	0.46060	0.45932	0.46366
622	0.46060	0.45861	0.46365
623	0.46060	0.45790	0.46364
624	0.46060	0.45718	0.46363
625	0.46060	0.45647	0.46362
626	0.46060	0.45573	0.46360
627	0.46060	0.45501	0.46359
628	0.46060	0.45426	0.46358
629	0.46060	0.45353	0.46356
630	0.46060	0.45277	0.46354
631	0.46060	0.45203	0.46352
632	0.46060	0.45127	0.46351
633	0.46060	0.45052	0.46348
634	0.46060	0.44977	0.46346
635	0.46060	0.44901	0.46344
636	0.46060	0.44826	0.46342
637	0.46060	0.44749	0.46339
638	0.46060	0.44675	0.46337
639	0.46060	0.44599	0.46334
640	0.46060	0.44524	0.46331
641	0.46060	0.44451	0.46328
642	0.46060	0.44376	0.46325
643	0.46060	0.44301	0.46322
644	0.46060	0.44230	0.46319
645	0.46060	0.44157	0.46315
646	0.46060	0.44084	0.46312
647	0.46060	0.44013	0.46308
648	0.46060	0.43945	0.46305
649	0.46060	0.43874	0.46301
650	0.46060	0.43804	0.46297
651	0.46060	0.43736	0.46293
652	0.46060	0.43671	0.46289
653	0.46060	0.43607	0.46285
654	0.46060	0.43545	0.46281
655	0.46060	0.43484	0.46276
656	0.46060	0.43420	0.46272
657	0.46060	0.43357	0.46268
658	0.46060	0.43298	0.46263
659	0.46060	0.43239	0.46259
660	0.46060	0.43182	0.46254
661	0.46060	0.43127	0.46249
662	0.46060	0.43073	0.46244
663	0.46060	0.43021	0.46240
664	0.46060	0.42972	0.46235
665	0.46060	0.42928	0.46230
666	0.46060	0.42886	0.46225
667	0.46060	0.42845	0.46220
668	0.46060	0.42806	0.46214
669	0.46060	0.42767	0.46209
670	0.46060	0.42729	0.46204
671	0.46060	0.42698	0.46199
672	0.46060	0.42668	0.46194
673	0.46060	0.42639	0.46188
674	0.46060	0.42612	0.46183
675	0.46060	0.42590	0.46178
676	0.46060	0.42569	0.46172
677	0.46060	0.42548	0.46167
678	0.46060	0.42534	0.46162
679	0.46060	0.42522	0.46156
680	0.46060	0.42510	0.46151
681	0.46060	0.42504	0.46146
682	0.46060	0.42498	0.46140
683	0.46060	0.42494	0.46135
684	0.46060	0.42494	0.46130
685	0.46060	0.42494	0.46124
686	0.46060	0.42502	0.46119
687	0.46060	0.42511	0.46114
688	0.46060	0.42525	0.46109
689	0.46060	0.42540	0.46103
690	0.46060	0.42560	0.46098
691	0.46060	0.42579	0.46093
692	0.46060	0.42601	0.46088
693	0.46060	0.42625	0.46083
694	0.46060	0.42654	0.46078
695	0.46060	0.42684	0.46073
696	0.46060	0.42720	0.46068
697	0.46060	0.42756	0.46064
698	0.46060	0.42798	0.46059
699	0.46060	0.42842	0.46054
700	0.46060	0.42887	0.46050
701	0.46060	0.42935	0.46045
702	0.46060	0.42985	0.46041
703	0.46060	0.43040	0.46037
704	0.46060	0.43097	0.46033
705	0.46060	0.43157	0.46029
706	0.46060	0.43217	0.46025
707	0.46060	0.43283	0.46021
708	0.46060	0.43351	0.46017
709	0.46060	0.43420	0.46013
710	0.46060	0.43492	0.46010
711	0.46060	0.43566	0.46006
712	0.46060	0.43644	0.46003
713	0.46060	0.43722	0.46000
714	0.46060	0.43804	0.45997
715	0.46060	0.43888	0.45994
716	0.46060	0.43974	0.45991
717	0.46060	0.44060	0.45988
718	0.46060	0.44152	0.45986
719	0.46060	0.44243	0.45983
720	0.46060	0.44337	0.45981
721	0.46060	0.44432	0.45979
722	0.46060	0.44530	0.45977
723	0.46060	0.44628	0.45975
724	0.46060	0.44729	0.45973
725	0.46060	0.44832	0.45972
726	0.46060	0.44933	0.45970
727	0.46060	0.45040	0.45969
728	0.46060	0.45146	0.45968
729	0.46060	0.45251	0.45967
730	0.46060	0.45361	0.45966
731	0.46060	0.45471	0.45965
732	0.46060	0.45579	0.45965
733	0.46060	0.45691	0.45964
734	0.46060	0.45804	0.45964
735	0.46060	0.45915	0.45964
736	0.46060	0.46026	0.45964
737	0.46060	0.46141	0.45964
738	0.46060	0.46257	0.45965
739	0.46060	0.46370	0.45965
740	0.46060	0.46484	0.45966
741	0.46060	0.46597	0.45967
742	0.46060	0.46709	0.45968
743	0.46060	0.46821	0.45969
744	0.46060	0.46938	0.45970
745	0.46060	0.47054	0.45972
746	0.46060	0.47170	0.45973
747	0.46060	0.47283	0.45975
748	0.46060	0.47396	0.45977
749	0.46060	0.47510	0.45979
750	0.46060	0.47623	0.45981
751	0.46060	0.47736	0.45984
752	0.46060	0.47844	0.45986
753	0.46060	0.47948	0.45989
754	0.46060	0.48052	0.45991
755	0.46060	0.48157	0.45994
756	0.46060	0.48261	0.45997
757	0.46060	0.48365	0.46000
758	0.46060	0.48469	0.46004
759	0.46060	0.48564	0.46007
760	0.46060	0.48660	0.46011
761	0.46060	0.48755	0.46014
762	0.46060	0.48851	0.46018
763	0.46060	0.48940	0.46022
764	0.46060	0.49030	0.46026
765	0.46060	0.49119	0.46030
766	0.46060	0.49204	0.46034
767	0.46060	0.49288	0.46038
768	0.46060	0.49371	0.46042
769	0.46060	0.49449	0.46047
770	0.46060	0.49526	0.46051
771	0.46060	0.49600	0.46056
772	0.46060	0.49669	0.46061
773	0.46060	0.49736	0.46065
774	0.46060	0.49799	0.46070
775	0.46060	0.49862	0.46075
776	0.46060	0.49918	0.46080
777	0.46060	0.49975	0.46085
778	0.46060	0.50026	0.46090
779	0.46060	0.50077	0.46095
780	0.46060	0.50122	0.46100
781	0.46060	0.50167	0.46106
782	0.46060	0.50206	0.46111
783	0.46060	0.50244	0.46116
784	0.46060	0.50277	0.46122
785	0.46060	0.50308	0.46127
786	0.46060	0.50335	0.46132
787	0.46060	0.50359	0.46138
788	0.46060	0.50380	0.46143
789	0.46060	0.50397	0.46148
790	0.46060	0.50414	0.46154
791	0.46060	0.50427	0.46159
792	0.46060	0.50438	0.46165
793	0.46060	0.50444	0.46170
794	0.46060	0.50448	0.46175
795	0.46060	0.50448	0.46181
796	0.46060	0.50446	0.46186
797	0.46060	0.50440	0.46191
798	0.46060	0.50430	0.46197
799	0.46060	0.50417	0.46202
800	0.46060	0.50397	0.46207
801	0.46060	0.50376	0.46212
802	0.46060	0.50350	0.46218
803	0.46060	0.50323	0.46223
804	0.46060	0.50290	0.46228
805	0.46060	0.50257	0.46233
806	0.46060	0.50218	0.46238
807	0.46060	0.50180	0.46243
808	0.46060	0.50135	0.46247
809	0.46060	0.50091	0.46252
810	0.46060	0.50042	0.46257
811	0.46060	0.49991	0.46261
812	0.46060	0.49938	0.46266
813	0.46060	0.49881	0.46270
814	0.46060	0.49823	0.46275
815	0.46060	0.49758	0.46279
816	0.46060	0.49692	0.46283
817	0.46060	0.49626	0.46287
818	0.46060	0.49554	0.46291
819	0.46060	0.49483	0.46295
820	0.46060	0.49411	0.46299
821	0.46060	0.49330	0.46303
822	0.46060	0.49250	0.46306
823	0.46060	0.49169	0.46310
824	0.46060	0.49089	0.46313
825	0.46060	0.49001	0.46316
826	0.46060	0.48912	0.46320
827	0.46060	0.48822	0.46323
828	0.46060	0.48733	0.46325
829	0.46060	0.48641	0.46328
830	0.46060	0.48549	0.46331
831	0.46060	0.48454	0.46334
832	0.46060	0.48354	0.46336
833	0.46060	0.48253	0.46338
834	0.46060	0.48152	0.46340
835	0.46060	0.48049	0.46342
836	0.46060	0.47945	0.46344
837	0.46060	0.47841	0.46346
838	0.46060	0.47735	0.46348
839	0.46060	0.47627	0.46349
840	0.46060	0.47523	0.46351
841	0.46060	0.47419	0.46352
842	0.46060	0.47315	0.46353
843	0.46060	0.47209	0.46354
844	0.46060	0.47102	0.46355
845	0.46060	0.46994	0.46356
846	0.46060	0.46884	0.46356
847	0.46060	0.46779	0.46357
848	0.46060	0.46672	0.46357
849	0.46060	0.46565	0.46358
850	0.46060	0.46456	0.46358
851	0.46060	0.46351	0.46358
852	0.46060	0.46245	0.46358
853	0.46060	0.46138	0.46357
854	0.46060	0.46035	0.46357
855	0.46060	0.45930	0.46356
856	0.46060	0.45825	0.46356
857	0.46060	0.45724	0.46355
858	0.46060	0.45622	0.46354
859	0.46060	0.45521	0.46353
860	0.46060	0.45422	0.46352
861	0.46060	0.45322	0.46351
862	0.46060	0.45226	0.46350
863	0.46060	0.45128	0.46348
864	0.46060	0.45035	0.46347
865	0.46060	0.44940	0.46345
866	0.46060	0.44850	0.46343
867	0.46060	0.44758	0.46342
868	0.46060	0.44671	0.46340
869	0.46060	0.44583	0.46338
870	0.46060	0.44499	0.46335
871	0.46060	0.44415	0.46333
872	0.46060	0.44335	0.46331
873	0.46060	0.44255	0.46329
874	0.46060	0.44177	0.46326
875	0.46060	0.44103	0.46324
876	0.46060	0.44028	0.46321
877	0.46060	0.43958	0.46318
878	0.46060	0.43888	0.46316
879	0.46060	0.43822	0.46313
880	0.46060	0.43758	0.46310
881	0.46060	0.43696	0.46307
882	0.46060	0.43636	0.46304
883	0.46060	0.43579	0.46301
884	0.46060	0.43524	0.46298
885	0.46060	0.43470	0.46294
886	0.46060	0.43421	0.46291
887	0.46060	0.43373	0.46288
888	0.46060	0.43328	0.46284
889	0.46060	0.43283	0.46281
890	0.46060	0.43244	0.46278
891	0.46060	0.43206	0.46274
892	0.46060	0.43173	0.46271
893	0.46060	0.43137	0.46267
894	0.46060	0.43108	0.46264
895	0.46060	0.43078	0.46260
896	0.46060	0.43054	0.46257
897	0.46060	0.43030	0.46253
898	0.46060	0.43012	0.46249
899	0.46060	0.42994	0.46246
900	0.46060	0.42979	0.46242
901	0.46060	0.42967	0.46238
902	0.46060	0.42956	0.46235
903	0.46060	0.42950	0.46231
904	0.46060	0.42944	0.46228
905	0.46060	0.42939	0.46224
906	0.46060	0.42939	0.46220
907	0.46060	0.42939	0.46217
908	0.46060	0.42943	0.46213
909	0.46060	0.42952	0.46210
910	0.46060	0.42961	0.46206
911	0.46060	0.42970	0.46202
912	0.46060	0.42981	0.46199
913	0.46060	0.42999	0.46195
914	0.46060	0.43017	0.46192
915	0.46060	0.43036	0.46188
916	0.46060	0.43057	0.46185
917	0.46060	0.43078	0.46182
918	0.46060	0.43101	0.46178
919	0.46060	0.43129	0.46175
920	0.46060	0.43160	0.46172
921	0.46060	0.43193	0.46168
922	0.46060	0.43227	0.46165
923	0.46060	0.43263	0.46162
924	0.46060	0.43301	0.46159
925	0.46060	0.43340	0.46156
926	0.46060	0.43381	0.46153
927	0.46060	0.43424	0.46150
928	0.46060	0.43465	0.46147
929	0.46060	0.43506	0.46144
930	0.46060	0.43549	0.46141
931	0.46060	0.43593	0.46139
932	0.46060	0.43641	0.46136
933	0.46060	0.43690	0.46133
934	0.46060	0.43740	0.46131
935	0.46060	0.43788	0.46128
936	0.46060	0.43839	0.46126
937	0.46060	0.43891	0.46124
938	0.46060	0.43945	0.46121
939	0.46060	0.43997	0.46119
940	0.46060	0.44051	0.46117
941	0.46060	0.44107	0.46115
942	0.46060	0.44161	0.46113
943	0.46060	0.44217	0.46111
944	0.46060	0.44275	0.46109
945	0.46060	0.44330	0.46107
946	0.46060	0.44388	0.46105
947	0.46060	0.44445	0.46103
948	0.46060	0.44503	0.46101
949	0.46060	0.44561	0.46100
950	0.46060	0.44619	0.46098
951	0.46060	0.44678	0.46097
952	0.46060	0.44735	0.46095
953	0.46060	0.44794	0.46094
954	0.46060	0.44851	0.46093
955	0.46060	0.44911	0.46091
956	0.46060	0.44967	0.46090
957	0.46060	0.45026	0.46089
958	0.46060	0.45083	0.46088
959	0.46060	0.45140	0.46087
960	0.46060	0.45197	0.46086
961	0.46060	0.45254	0.46085
962	0.46060	0.45310	0.46085
963	0.46060	0.45366	0.46084
964	0.46060	0.45422	0.46083
965	0.46060	0.45476	0.46082
966	0.46060	0.45531	0.46082
967	0.46060	0.45584	0.46081
968	0.46060	0.45637	0.46081
969	0.46060	0.45689	0.46081
970	0.46060	0.45741	0.46080
971	0.46060	0.45792	0.46080
972	0.46060	0.45842	0.46080
973	0.46060	0.45892	0.46079
974	0.46060	0.45941	0.46079
975	0.46060	0.45990	0.46079
976	0.46060	0.46036	0.46079
977	0.46060	0.46083	0.46079
978	0.46060	0.46128	0.46079
979	0.46060	0.46174	0.46079
980	0.46060	0.46217	0.46079
981	0.46060	0.46261	0.46080
982	0.46060	0.46302	0.46080
983	0.46060	0.46345	0.46080
984	0.46060	0.46384	0.46080
985	0.46060	0.46426	0.46081
986	0.46060	0.46463	0.46081
987	0.46060	0.46501	0.46082
988	0.46060	0.46538	0.46082
989	0.46060	0.46574	0.46083
990	0.46060	0.46610	0.46083
991	0.46060	0.46643	0.46084
992	0.46060	0.46677	0.46084
993	0.46060	0.46711	0.46085
994	0.46060	0.46740	0.46086
995	0.46060	0.46773	0.46086
996	0.46060	0.46804	0.46087
997	0.46060	0.46831	0.46088
998	0.46060	0.46859	0.46088
999	0.46060	0.46889	0.46089
1000	0.46060	0.46917	0.46090
