QEq 0.06921
0.00002 0.00002
0.00009 0.00005
0.00019 0.00010
0.00035 0.00016
0.00054 0.00024
0.00078 0.00033
0.00106 0.00043
0.00138 0.00055
0.00174 0.00068
0.00215 0.00083
0.00260 0.00099
0.00309 0.00116
0.00362 0.00135
0.00419 0.00155
0.00480 0.00177
0.00545 0.00200
0.00614 0.00224
0.00687 0.00250
0.00764 0.00277
0.00845 0.00306
0.00929 0.00335
0.01017 0.00366
0.01109 0.00399
0.01204 0.00432
0.01303 0.00467
0.01405 0.00503
0.01511 0.00540
0.01619 0.00579
0.01732 0.00619
0.01847 0.00660
0.01965 0.00702
0.02086 0.00745
0.02211 0.00789
0.02338 0.00835
0.02467 0.00882
0.02600 0.00929
0.02735 0.00978
0.02872 0.01028
0.03012 0.01079
0.03154 0.01131
0.03299 0.01184
0.03445 0.01237
0.03594 0.01292
0.03744 0.01348
0.03896 0.01405
0.04050 0.01462
0.04206 0.01520
0.04363 0.01580
0.04521 0.01640
0.04682 0.01701
0.04843 0.01762
0.05006 0.01825
0.05172 0.01888
0.05335 0.01952
0.05500 0.02016
0.05666 0.02081
0.05832 0.02147
0.05999 0.02213
0.06166 0.02280
0.06334 0.02348
0.06501 0.02416
0.06669 0.02485
0.06837 0.02554
0.07005 0.02623
0.07172 0.02693
0.07339 0.02764
0.07506 0.02834
0.07673 0.02906
0.07838 0.02977
0.08003 0.03049
0.08168 0.03121
0.08331 0.03193
0.08493 0.03266
0.08655 0.03339
0.08816 0.03412
0.08974 0.03485
0.09133 0.03558
0.09289 0.03632
0.09444 0.03705
0.09597 0.03779
0.09749 0.03853
0.09900 0.03926
0.10048 0.04000
0.10194 0.04074
0.10339 0.04148
0.10481 0.04221
0.10621 0.04295
0.10760 0.04368
0.10896 0.04442
0.11030 0.04515
0.11162 0.04588
0.11291 0.04661
0.11418 0.04733
0.11543 0.04806
0.11665 0.04878
0.11784 0.04950
0.11901 0.05022
0.12015 0.05093
0.12127 0.05164
0.12236 0.05235
0.12342 0.05305
0.12445 0.05375
0.12546 0.05445
0.12643 0.05514
0.12738 0.05583
0.12831 0.05651
0.12920 0.05719
0.13006 0.05787
0.13089 0.05854
0.13170 0.05920
0.13247 0.05986
0.13322 0.06052
0.13394 0.06117
0.13462 0.06181
0.13528 0.06245
0.13591 0.06308
0.13651 0.06371
0.13709 0.06433
0.13763 0.06495
0.13814 0.06556
0.13863 0.06616
0.13908 0.06676
0.13951 0.06735
0.13991 0.06794
0.14029 0.06851
0.14064 0.06909
0.14096 0.06965
0.14125 0.07021
0.14151 0.07077
0.14175 0.07131
0.14197 0.07185
0.14216 0.07238
0.14233 0.07291
0.14247 0.07343
0.14259 0.07394
0.14268 0.07445
0.14275 0.07494
0.14280 0.07544
0.14283 0.07592
0.14284 0.07640
0.14283 0.07687
0.14280 0.07733
0.14274 0.07779
0.14267 0.07824
0.14259 0.07869
0.14248 0.07912
0.14235 0.07955
0.14221 0.07998
0.14206 0.08039
0.14189 0.08080
0.14171 0.08121
0.14151 0.08160
0.14129 0.08199
0.14105 0.08238
0.14081 0.08275
0.14056 0.08312
0.14031 0.08349
0.14004 0.08385
0.13976 0.08420
0.13948 0.08454
0.13919 0.08488
0.13889 0.08522
0.13859 0.08554
0.13828 0.08587
0.13797 0.08618
0.13765 0.08649
0.13732 0.08680
0.13700 0.08709
0.13667 0.08739
0.13634 0.08768
0.13602 0.08796
0.13569 0.08824
0.13536 0.08851
0.13503 0.08878
0.13470 0.08904
0.13438 0.08930
0.13405 0.08955
0.13373 0.08980
0.13342 0.09004
0.13311 0.09028
0.13280 0.09051
0.13250 0.09075
0.13221 0.09097
0.13192 0.09119
0.13164 0.09141
0.13136 0.09163
0.13110 0.09184
0.13084 0.09205
0.13059 0.09225
0.13035 0.09245
0.13011 0.09265
0.12989 0.09284
0.12968 0.09303
0.12947 0.09322
0.12928 0.09341
0.12910 0.09359
0.12893 0.09377
0.12877 0.09394
0.12862 0.09412
0.12848 0.09429
0.12835 0.09446
0.12824 0.09463
0.12814 0.09479
0.12804 0.09495
0.12797 0.09512
0.12790 0.09528
0.12784 0.09543
0.12780 0.09559
0.12777 0.09574
0.12775 0.09589
0.12774 0.09605
0.12774 0.09619
0.12776 0.09634
0.12779 0.09649
0.12782 0.09664
0.12787 0.09678
0.12793 0.09692
0.12800 0.09707
0.12808 0.09721
0.12817 0.09735
0.12828 0.09749
0.12839 0.09763
0.12851 0.09777
0.12863 0.09790
0.12877 0.09804
0.12892 0.09818
0.12907 0.09831
0.12923 0.09845
0.12940 0.09858
0.12957 0.09872
0.12975 0.09885
0.12993 0.09899
0.13013 0.09912
0.13032 0.09925
0.13052 0.09939
0.13072 0.09952
0.13093 0.09965
0.13113 0.09979
0.13134 0.09992
0.13155 0.10005
0.13176 0.10018
0.13197 0.10031
0.13219 0.10044
0.13239 0.10057
0.13260 0.10071
0.13281 0.10084
0.13301 0.10097
0.13321 0.10110
0.13340 0.10123
0.13359 0.10135
0.13377 0.10148
0.13395 0.10161
0.13412 0.10174
0.13427 0.10187
0.13444 0.10200
0.13456 0.10212
0.13468 0.10225
0.13480 0.10238
0.13492 0.10250
0.13502 0.10263
0.13511 0.10275
0.13518 0.10288
0.13525 0.10300
0.13530 0.10312
0.13533 0.10324
0.13535 0.10336
0.13535 0.10348
0.13534 0.10360
0.13531 0.10372
0.13526 0.10384
0.13520 0.10395
0.13511 0.10407
0.13501 0.10418
0.13488 0.10429
0.13474 0.10440
0.13458 0.10451
0.13439 0.10462
0.13418 0.10473
0.13395 0.10483
0.13369 0.10493
0.13341 0.10504
0.13312 0.10514
0.13279 0.10523
0.13244 0.10533
0.13207 0.10542
0.13167 0.10551
0.13124 0.10560
0.13080 0.10569
0.13032 0.10578
0.12982 0.10586
0.12929 0.10594
0.12874 0.10602
0.12816 0.10609
0.12755 0.10617
0.12692 0.10624
0.12626 0.10631
0.12557 0.10637
0.12486 0.10643
0.12411 0.10649
0.12335 0.10655
0.12255 0.10660
0.12172 0.10665
0.12087 0.10670
0.12000 0.10674
0.11909 0.10678
0.11816 0.10682
0.11721 0.10685
0.11622 0.10688
0.11522 0.10691
0.11418 0.10693
0.11312 0.10695
0.11204 0.10697
0.11093 0.10698
0.10980 0.10699
0.10864 0.10700
0.10746 0.10700
0.10625 0.10700
0.10503 0.10699
0.10378 0.10698
0.10251 0.10697
0.10121 0.10695
0.09990 0.10693
0.09857 0.10690
0.09722 0.10687
0.09584 0.10684
0.09445 0.10680
0.09305 0.10676
0.09162 0.10671
0.09018 0.10666
0.08872 0.10661
0.08725 0.10655
0.08577 0.10648
0.08428 0.10642
0.08276 0.10635
0.08124 0.10627
0.07971 0.10619
0.07817 0.10611
0.07661 0.10602
0.07505 0.10593
0.07349 0.10584
0.07191 0.10574
0.07034 0.10563
0.06875 0.10553
0.06716 0.10541
0.06557 0.10530
0.06398 0.10518
0.06239 0.10506
0.06080 0.10493
0.05920 0.10480
0.05761 0.10466
0.05603 0.10452
0.05444 0.10438
0.05286 0.10424
0.05129 0.10409
0.04973 0.10393
0.04817 0.10378
0.04662 0.10362
0.04508 0.10345
0.04356 0.10329
0.04207 0.10312
0.04057 0.10294
0.03908 0.10277
0.03760 0.10259
0.03615 0.10240
0.03471 0.10222
0.03328 0.10203
0.03189 0.10184
0.03050 0.10165
0.02914 0.10145
0.02780 0.10125
0.02648 0.10105
0.02519 0.10084
0.02391 0.10064
0.02267 0.10043
0.02145 0.10022
0.02026 0.10001
0.01909 0.09979
0.01796 0.09958
0.01685 0.09936
0.01578 0.09914
0.01473 0.09892
0.01372 0.09869
0.01274 0.09847
0.01179 0.09824
0.01088 0.09802
0.01000 0.09779
0.00915 0.09756
0.00835 0.09733
0.00757 0.09710
0.00684 0.09687
0.00614 0.09663
0.00548 0.09640
0.00486 0.09617
0.00428 0.09594
0.00374 0.09570
0.00324 0.09547
0.00278 0.09524
0.00236 0.09500
0.00198 0.09477
0.00164 0.09454
0.00135 0.09430
0.00109 0.09407
0.00088 0.09384
0.00071 0.09361
0.00059 0.09338
0.00050 0.09315
0.00046 0.09292
0.00046 0.09270
0.00051 0.09247
0.00060 0.09225
0.00073 0.09202
0.00090 0.09180
0.00112 0.09158
0.00138 0.09137
0.00168 0.09115
0.00203 0.09094
0.00242 0.09072
0.00285 0.09051
0.00332 0.09031
0.00383 0.09010
0.00439 0.08990
0.00498 0.08969
0.00562 0.08950
0.00630 0.08930
0.00702 0.08911
0.00777 0.08892
0.00857 0.08873
0.00941 0.08854
0.01028 0.08836
0.01119 0.08818
0.01214 0.08800
0.01312 0.08783
0.01414 0.08766
0.01520 0.08749
0.01629 0.08733
0.01741 0.08717
0.01857 0.08701
0.01976 0.08686
0.02098 0.08671
0.02223 0.08656
0.02351 0.08642
0.02482 0.08628
0.02616 0.08614
0.02753 0.08601
0.02892 0.08588
0.03034 0.08576
0.03179 0.08564
0.03325 0.08552
0.03475 0.08541
0.03626 0.08530
0.03780 0.08519
0.03935 0.08509
0.04093 0.08499
0.04252 0.08490
0.04413 0.08481
0.04576 0.08473
0.04741 0.08464
0.04906 0.08457
0.05073 0.08449
0.05241 0.08442
0.05411 0.08436
0.05578 0.08430
0.05746 0.08424
0.05919 0.08418
0.06092 0.08413
0.06265 0.08409
0.06440 0.08405
0.06614 0.08401
0.06788 0.08397
0.06964 0.08394
0.07138 0.08392
0.07313 0.08389
0.07488 0.08387
0.07663 0.08386
0.07838 0.08385
0.08011 0.08384
0.08185 0.08383
0.08358 0.08383
0.08530 0.08384
0.08701 0.08384
0.08872 0.08385
0.09041 0.08387
0.09209 0.08388
0.09376 0.08390
0.09542 0.08393
0.09706 0.08396
0.09869 0.08399
0.10030 0.08402
0.10191 0.08406
0.10349 0.08410
0.10505 0.08414
0.10659 0.08418
0.10812 0.08423
0.10962 0.08428
0.11111 0.08434
0.11257 0.08439
0.11401 0.08445
0.11543 0.08452
0.11682 0.08458
0.11819 0.08465
0.11954 0.08472
0.12086 0.08479
0.12216 0.08486
0.12342 0.08494
0.12466 0.08502
0.12588 0.08510
0.12706 0.08518
0.12822 0.08527
0.12935 0.08535
0.13045 0.08544
0.13152 0.08553
0.13256 0.08562
0.13357 0.08572
0.13455 0.08581
0.13550 0.08591
0.13642 0.08601
0.13731 0.08611
0.13817 0.08621
0.13900 0.08631
0.13980 0.08641
0.14056 0.08652
0.14130 0.08662
0.14200 0.08673
0.14267 0.08683
0.14331 0.08694
0.14392 0.08705
0.14449 0.08716
0.14504 0.08727
0.14555 0.08738
0.14604 0.08749
0.14650 0.08760
0.14692 0.08771
0.14731 0.08782
0.14767 0.08794
0.14801 0.08805
0.14831 0.08816
0.14859 0.08827
0.14884 0.08839
0.14905 0.08850
0.14925 0.08861
0.14941 0.08872
0.14955 0.08884
0.14965 0.08895
0.14973 0.08906
0.14979 0.08917
0.14982 0.08928
0.14983 0.08939
0.14981 0.08950
0.14977 0.08961
0.14970 0.08972
0.14962 0.08983
0.14951 0.08994
0.14938 0.09005
0.14923 0.09015
0.14905 0.09026
0.14886 0.09036
0.14865 0.09047
0.14843 0.09057
0.14818 0.09068
0.14791 0.09078
0.14764 0.09088
0.14735 0.09098
0.14704 0.09108
0.14671 0.09118
0.14636 0.09128
0.14600 0.09137
0.14564 0.09147
0.14526 0.09156
0.14488 0.09166
0.14449 0.09175
0.14409 0.09184
0.14368 0.09193
0.14326 0.09202
0.14283 0.09211
0.14240 0.09220
0.14196 0.09228
0.14152 0.09237
0.14107 0.09245
0.14062 0.09254
0.14017 0.09262
0.13971 0.09270
0.13926 0.09278
0.13880 0.09286
0.13834 0.09294
0.13788 0.09301
0.13742 0.09309
0.13697 0.09316
0.13652 0.09324
0.13607 0.09331
0.13562 0.09338
0.13518 0.09345
0.13474 0.09352
0.13431 0.09359
0.13388 0.09366
0.13346 0.09373
0.13304 0.09379
0.13263 0.09386
0.13223 0.09392
0.13184 0.09398
0.13145 0.09405
0.13108 0.09411
0.13071 0.09417
0.13035 0.09423
0.13001 0.09429
0.12967 0.09435
0.12934 0.09440
0.12902 0.09446
0.12872 0.09452
0.12842 0.09457
0.12814 0.09463
0.12787 0.09468
0.12761 0.09474
0.12736 0.09479
0.12712 0.09484
0.12690 0.09489
0.12669 0.09495
0.12649 0.09500
0.12630 0.09505
0.12612 0.09510
0.12596 0.09515
0.12581 0.09520
0.12567 0.09525
0.12555 0.09529
0.12543 0.09534
0.12533 0.09539
0.12524 0.09544
0.12516 0.09549
0.12509 0.09553
0.12504 0.09558
0.12499 0.09563
0.12496 0.09567
0.12493 0.09572
0.12492 0.09577
0.12492 0.09581
0.12492 0.09586
0.12494 0.09590
0.12496 0.09595
0.12500 0.09599
0.12504 0.09604
0.12509 0.09609
0.12514 0.09613
0.12521 0.09618
0.12527 0.09622
0.12535 0.09627
0.12543 0.09631
0.12552 0.09636
0.12561 0.09640
0.12570 0.09645
0.12580 0.09649
0.12590 0.09654
0.12601 0.09658
0.12611 0.09663
0.12622 0.09667
0.12633 0.09672
0.12644 0.09676
0.12654 0.09681
0.12665 0.09686
0.12675 0.09690
0.12685 0.09695
0.12695 0.09699
0.12705 0.09704
0.12714 0.09708
0.12722 0.09713
0.12730 0.09717
0.12737 0.09722
0.12744 0.09726
0.12750 0.09731
0.12756 0.09735
0.12762 0.09740
0.12764 0.09745
0.12766 0.09749
0.12768 0.09754
0.12768 0.09758
0.12767 0.09762
0.12765 0.09767
0.12761 0.09771
0.12756 0.09776
0.12750 0.09780
0.12742 0.09784
0.12732 0.09789
0.12721 0.09793
0.12709 0.09797
0.12694 0.09802
0.12678 0.09806
0.12660 0.09810
0.12640 0.09814
0.12619 0.09818
0.12595 0.09822
0.12569 0.09826
0.12541 0.09830
0.12512 0.09834
0.12480 0.09838
0.12446 0.09842
0.12410 0.09845
0.12371 0.09849
0.12330 0.09853
0.12287 0.09856
0.12242 0.09859
0.12194 0.09863
0.12144 0.09866
0.12091 0.09869
0.12036 0.09872
0.11979 0.09875
0.11919 0.09878
0.11857 0.09881
0.11792 0.09884
0.11725 0.09886
0.11656 0.09889
0.11583 0.09891
0.11509 0.09894
0.11431 0.09896
0.11352 0.09898
0.11270 0.09900
0.11185 0.09901
0.11098 0.09903
0.11008 0.09905
0.10916 0.09906
0.10822 0.09907
0.10725 0.09908
0.10626 0.09909
0.10525 0.09910
0.10421 0.09911
0.10315 0.09912
0.10206 0.09912
0.10096 0.09912
0.09983 0.09912
0.09868 0.09912
0.09751 0.09912
0.09632 0.09912
0.09511 0.09911
0.09388 0.09910
0.09263 0.09910
0.09137 0.09908
0.09008 0.09907
0.08878 0.09906
0.08746 0.09904
0.08612 0.09903
0.08477 0.09901
0.08341 0.09898
0.08202 0.09896
0.08063 0.09894
0.07923 0.09891
0.07781 0.09888
0.07638 0.09885
0.07494 0.09882
0.07349 0.09879
0.07204 0.09875
0.07057 0.09871
0.06909 0.09867
0.06762 0.09863
0.06613 0.09859
0.06465 0.09854
0.06315 0.09850
0.06166 0.09845
0.06016 0.09840
0.05866 0.09834
0.05717 0.09829
0.05567 0.09823
0.05418 0.09818
0.05268 0.09812
0.05119 0.09805
0.04971 0.09799
0.04823 0.09793
0.04676 0.09786
0.04530 0.09779
0.04385 0.09772
0.04240 0.09765
0.04097 0.09757
0.03956 0.09750
0.03817 0.09742
0.03679 0.09734
0.03542 0.09726
0.03405 0.09718
0.03270 0.09710
0.03137 0.09701
0.03006 0.09693
0.02877 0.09684
0.02749 0.09675
0.02623 0.09666
0.02500 0.09657
0.02379 0.09647
0.02261 0.09638
0.02145 0.09628
0.02031 0.09619
0.01920 0.09609
0.01812 0.09599
0.01707 0.09589
0.01604 0.09579
0.01505 0.09569
0.01408 0.09558
0.01315 0.09548
0.01225 0.09537
0.01138 0.09527
0.01054 0.09516
0.00974 0.09505
0.00897 0.09494
0.00824 0.09484
0.00754 0.09473
0.00688 0.09462
0.00626 0.09451
0.00567 0.09439
0.00513 0.09428
0.00462 0.09417
0.00415 0.09406
0.00371 0.09395
0.00332 0.09384
0.00297 0.09372
0.00266 0.09361
0.00239 0.09350
0.00216 0.09338
0.00198 0.09327
0.00183 0.09316
0.00173 0.09305
0.00167 0.09293
0.00165 0.09282
0.00167 0.09271
0.00174 0.09260
0.00185 0.09249
0.00200 0.09238
0.00219 0.09227
0.00243 0.09216
0.00271 0.09205
0.00303 0.09194
0.00340 0.09183
0.00380 0.09173
0.00425 0.09162
0.00474 0.09152
0.00527 0.09141
0.00585 0.09131
0.00646 0.09121
0.00712 0.09111
0.00782 0.09101
0.00855 0.09091
0.00933 0.09081
0.01015 0.09071
0.01100 0.09062
0.01190 0.09052
0.01283 0.09043
0.01380 0.09034
0.01480 0.09025
0.01585 0.09016
0.01692 0.09007
0.01804 0.08999
0.01919 0.08990
0.02037 0.08982
0.02158 0.08974
0.02283 0.08966
0.02411 0.08958
0.02542 0.08951
0.02676 0.08944
0.02813 0.08936
0.02952 0.08929
0.03095 0.08922
0.03240 0.08916
0.03388 0.08909
0.03538 0.08903
0.03691 0.08897
0.03846 0.08891
0.04004 0.08885
0.04163 0.08880
0.04325 0.08875
0.04488 0.08870
0.04653 0.08865
0.04820 0.08860
0.04989 0.08855
0.05159 0.08851
0.05330 0.08847
0.05503 0.08843
0.05677 0.08840
0.05852 0.08836
0.06029 0.08833
0.06206 0.08830
0.06385 0.08827
0.06564 0.08825
0.06743 0.08822
0.06923 0.08820
0.07103 0.08818
0.07284 0.08816
0.07464 0.08815
0.07645 0.08813
0.07826 0.08812
0.08007 0.08811
0.08187 0.08811
0.08367 0.08810
0.08546 0.08810
0.08725 0.08810
0.08904 0.08810
0.09081 0.08810
0.09258 0.08811
0.09434 0.08811
0.09609 0.08812
0.09782 0.08813
0.09954 0.08815
0.10125 0.08816
0.10295 0.08818
0.10463 0.08820
0.10629 0.08822
0.10794 0.08824
0.10956 0.08826
0.11118 0.08829
0.11277 0.08832
0.11434 0.08834
0.11589 0.08837
0.11742 0.08841
0.11893 0.08844
0.12041 0.08848
0.12187 0.08851
0.12330 0.08855
0.12471 0.08859
0.12610 0.08863
0.12745 0.08867
0.12878 0.08872
0.13008 0.08876
0.13136 0.08881
0.13260 0.08886
0.13382 0.08891
0.13500 0.08896
0.13616 0.08901
0.13729 0.08906
0.13838 0.08912
0.13944 0.08917
0.14048 0.08923
0.14148 0.08928
0.14245 0.08934
0.14338 0.08940
0.14429 0.08946
0.14516 0.08952
0.14599 0.08958
0.14680 0.08964
0.14757 0.08970
0.14831 0.08977
0.14901 0.08983
0.14968 0.08989
0.15032 0.08996
0.15093 0.09002
0.15150 0.09009
0.15204 0.09015
0.15255 0.09022
0.15302 0.09029
0.15346 0.09036
0.15387 0.09042
0.15424 0.09049
0.15458 0.09056
0.15489 0.09063
0.15517 0.09069
0.15542 0.09076
0.15564 0.09083
0.15582 0.09090
0.15598 0.09097
0.15610 0.09104
0.15619 0.09111
0.15627 0.09117
0.15630 0.09124
0.15631 0.09131
0.15630 0.09138
0.15625 0.09145
0.15618 0.09151
0.15608 0.09158
0.15596 0.09165
0.15581 0.09172
0.15563 0.09178
0.15544 0.09185
0.15522 0.09191
0.15497 0.09198
0.15471 0.09204
0.15442 0.09211
0.15411 0.09217
0.15379 0.09224
0.15344 0.09230
0.15308 0.09236
0.15270 0.09243
0.15230 0.09249
0.15188 0.09255
0.15145 0.09261
0.15102 0.09267
0.15054 0.09273
0.15007 0.09279
0.14959 0.09284
0.14909 0.09290
0.14857 0.09296
0.14805 0.09301
0.14752 0.09307
0.14698 0.09312
0.14643 0.09318
0.14588 0.09323
0.14531 0.09329
0.14474 0.09334
0.14417 0.09339
0.14359 0.09344
0.14301 0.09349
0.14242 0.09354
0.14183 0.09359
0.14124 0.09364
0.14065 0.09368
0.14005 0.09373
0.13946 0.09378
0.13887 0.09382
0.13828 0.09387
0.13769 0.09391
0.13710 0.09395
0.13652 0.09400
0.13594 0.09404
0.13537 0.09408
0.13480 0.09412
0.13424 0.09416
0.13368 0.09420
0.13313 0.09424
0.13258 0.09427
0.13205 0.09431
0.13152 0.09435
0.13100 0.09439
0.13049 0.09442
0.12999 0.09446
0.12949 0.09449
0.12901 0.09452
0.12854 0.09456
0.12808 0.09459
0.12763 0.09462
0.12719 0.09466
0.12676 0.09469
0.12635 0.09472
0.12595 0.09475
0.12556 0.09478
0.12518 0.09481
0.12481 0.09484
0.12446 0.09487
0.12412 0.09489
0.12379 0.09492
0.12347 0.09495
0.12317 0.09498
0.12288 0.09501
0.12261 0.09503
0.12234 0.09506
0.12209 0.09508
0.12186 0.09511
0.12163 0.09514
0.12142 0.09516
0.12122 0.09519
0.12104 0.09521
0.12086 0.09524
0.12070 0.09526
0.12055 0.09528
0.12041 0.09531
0.12028 0.09533
0.12016 0.09536
0.12006 0.09538
0.11996 0.09540
0.11987 0.09543
0.11980 0.09545
0.11973 0.09547
0.11967 0.09550
0.11962 0.09552
0.11958 0.09554
0.11955 0.09556
0.11952 0.09559
0.11950 0.09561
0.11949 0.09563
0.11948 0.09566
0.11948 0.09568
0.11949 0.09570
0.11949 0.09572
0.11950 0.09575
0.11952 0.09577
0.11953 0.09579
0.11955 0.09581
0.11957 0.09583
0.11960 0.09586
0.11962 0.09588
0.11964 0.09590
0.11966 0.09592
0.11968 0.09595
0.11970 0.09597
0.11971 0.09599
0.11972 0.09601
0.11973 0.09603
0.11973 0.09606
0.11972 0.09608
0.11972 0.09610
0.11972 0.09612
0.11968 0.09614
0.11965 0.09617
0.11961 0.09619
0.11957 0.09621
0.11951 0.09623
0.11945 0.09625
0.11937 0.09627
0.11928 0.09629
0.11918 0.09632
0.11907 0.09634
0.11895 0.09636
0.11881 0.09638
0.11865 0.09640
0.11849 0.09642
0.11831 0.09644
0.11810 0.09646
0.11789 0.09648
0.11766 0.09650
0.11741 0.09652
0.11715 0.09653
0.11686 0.09655
0.11656 0.09657
0.11624 0.09659
0.11590 0.09661
0.11554 0.09662
0.11516 0.09664
0.11476 0.09666
0.11434 0.09667
0.11390 0.09669
0.11344 0.09670
0.11295 0.09672
0.11245 0.09673
0.11192 0.09675
0.11137 0.09676
0.11080 0.09677
0.11021 0.09678
0.10959 0.09679
0.10895 0.09681
0.10829 0.09682
0.10760 0.09683
0.10689 0.09683
0.10616 0.09684
0.10541 0.09685
0.10463 0.09686
0.10383 0.09686
0.10301 0.09687
0.10217 0.09687
0.10130 0.09688
0.10041 0.09688
0.09950 0.09688
0.09857 0.09688
0.09762 0.09689
0.09664 0.09689
0.09564 0.09688
0.09463 0.09688
0.09359 0.09688
0.09253 0.09688
0.09146 0.09687
0.09036 0.09687
0.08924 0.09686
0.08811 0.09685
0.08696 0.09684
0.08579 0.09683
0.08460 0.09682
0.08340 0.09681
0.08218 0.09680
0.08095 0.09678
0.07970 0.09677
0.07843 0.09675
0.07716 0.09674
0.07587 0.09672
0.07457 0.09670
0.07326 0.09668
0.07193 0.09666
0.07060 0.09663
0.06926 0.09661
0.06791 0.09659
0.06655 0.09656
0.06518 0.09653
0.06381 0.09650
0.06244 0.09647
0.06105 0.09644
0.05967 0.09641
0.05828 0.09638
0.05689 0.09635
0.05550 0.09631
0.05410 0.09627
0.05272 0.09624
0.05133 0.09620
0.04994 0.09616
0.04856 0.09612
0.04718 0.09608
0.04581 0.09603
0.04444 0.09599
0.04308 0.09594
0.04173 0.09590
0.04039 0.09585
0.03906 0.09580
0.03774 0.09575
0.03644 0.09570
0.03513 0.09565
0.03382 0.09560
0.03252 0.09555
0.03127 0.09549
0.03004 0.09544
0.02882 0.09538
0.02762 0.09532
0.02645 0.09527
0.02529 0.09521
0.02415 0.09515
0.02303 0.09509
0.02194 0.09502
0.02087 0.09496
0.01983 0.09490
0.01881 0.09484
0.01782 0.09477
0.01685 0.09471
0.01592 0.09464
0.01501 0.09457
0.01413 0.09451
0.01328 0.09444
0.01246 0.09437
0.01168 0.09430
0.01093 0.09423
0.01021 0.09416
0.00952 0.09409
0.00887 0.09402
0.00825 0.09395
0.00767 0.09388
0.00712 0.09381
0.00661 0.09374
0.00614 0.09366
0.00570 0.09359
0.00531 0.09352
0.00495 0.09345
0.00463 0.09337
0.00435 0.09330
0.00411 0.09323
0.00391 0.09315
0.00375 0.09308
0.00364 0.09301
0.00356 0.09293
0.00352 0.09286
0.00353 0.09279
0.00358 0.09271
0.00366 0.09264
0.00379 0.09257
0.00397 0.09250
0.00418 0.09242
0.00444 0.09235
0.00474 0.09228
0.00508 0.09221
0.00546 0.09214
0.00588 0.09207
0.00635 0.09200
0.00686 0.09193
0.00741 0.09186
0.00800 0.09180
0.00863 0.09173
0.00930 0.09166
0.01001 0.09160
0.01077 0.09153
0.01156 0.09147
0.01239 0.09140
0.01326 0.09134
0.01417 0.09128
0.01512 0.09122
0.01610 0.09116
0.01713 0.09110
0.01819 0.09104
0.01928 0.09098
0.02041 0.09092
0.02158 0.09087
0.02278 0.09082
0.02401 0.09076
0.02528 0.09071
0.02658 0.09066
0.02791 0.09061
0.02927 0.09056
0.03066 0.09051
0.03208 0.09047
0.03353 0.09042
0.03501 0.09038
0.03651 0.09033
0.03804 0.09029
0.03959 0.09025
0.04117 0.09021
0.04277 0.09018
0.04439 0.09014
0.04604 0.09011
0.04770 0.09007
0.04938 0.09004
0.05108 0.09001
0.05280 0.08998
0.05454 0.08995
0.05629 0.08993
0.05805 0.08990
0.05983 0.08988
0.06162 0.08986
0.06342 0.08983
0.06523 0.08982
0.06705 0.08980
0.06889 0.08978
0.07073 0.08977
0.07258 0.08975
0.07443 0.08974
0.07628 0.08973
0.07813 0.08972
0.07998 0.08971
0.08184 0.08971
0.08369 0.08970
0.08554 0.08970
0.08739 0.08970
0.08923 0.08970
0.09107 0.08970
0.09291 0.08970
0.09473 0.08971
0.09655 0.08971
0.09836 0.08972
0.10016 0.08973
0.10195 0.08974
0.10373 0.08975
0.10549 0.08976
0.10724 0.08977
0.10898 0.08979
0.11070 0.08980
0.11240 0.08982
0.11408 0.08984
0.11575 0.08986
0.11740 0.08988
0.11902 0.08990
0.12062 0.08992
0.12221 0.08995
0.12377 0.08997
0.12531 0.09000
0.12682 0.09003
0.12831 0.09006
0.12977 0.09009
0.13121 0.09012
0.13262 0.09015
0.13400 0.09019
0.13535 0.09022
0.13668 0.09025
0.13797 0.09029
0.13924 0.09033
0.14047 0.09037
0.14168 0.09040
0.14285 0.09044
0.14399 0.09048
0.14510 0.09053
0.14617 0.09057
0.14721 0.09061
0.14822 0.09065
0.14920 0.09070
0.15014 0.09074
0.15104 0.09079
0.15192 0.09083
0.15276 0.09088
0.15356 0.09093
0.15433 0.09097
0.15506 0.09102
0.15576 0.09107
0.15643 0.09112
0.15705 0.09117
0.15764 0.09122
0.15820 0.09127
0.15872 0.09132
0.15921 0.09137
0.15966 0.09142
0.16008 0.09147
0.16046 0.09152
0.16081 0.09157
0.16112 0.09162
0.16140 0.09167
0.16165 0.09173
0.16186 0.09178
0.16203 0.09183
0.16218 0.09188
0.16230 0.09193
0.16238 0.09198
0.16242 0.09204
0.16244 0.09209
0.16243 0.09214
0.16238 0.09219
0.16231 0.09224
0.16221 0.09229
0.16207 0.09234
0.16191 0.09240
0.16173 0.09245
0.16151 0.09250
0.16126 0.09255
0.16100 0.09260
0.16071 0.09265
0.16039 0.09270
0.16004 0.09275
0.15968 0.09279
0.15929 0.09284
0.15887 0.09289
0.15844 0.09294
0.15798 0.09298
0.15751 0.09303
0.15701 0.09308
0.15651 0.09312
0.15597 0.09317
0.15542 0.09321
0.15486 0.09326
0.15432 0.09330
0.15374 0.09335
0.15314 0.09339
0.15252 0.09343
0.15188 0.09347
0.15124 0.09352
0.15058 0.09356
0.14991 0.09360
0.14923 0.09364
0.14855 0.09368
0.14785 0.09372
0.14715 0.09375
0.14644 0.09379
0.14573 0.09383
0.14501 0.09386
0.14429 0.09390
0.14356 0.09394
0.14284 0.09397
0.14211 0.09401
0.14137 0.09404
0.14064 0.09407
0.13991 0.09410
0.13918 0.09414
0.13845 0.09417
0.13772 0.09420
0.13700 0.09423
0.13628 0.09426
0.13556 0.09429
0.13485 0.09432
0.13414 0.09435
0.13344 0.09437
0.13274 0.09440
0.13205 0.09443
0.13137 0.09445
0.13070 0.09448
0.13004 0.09450
0.12938 0.09453
0.12874 0.09455
0.12810 0.09458
0.12748 0.09460
0.12686 0.09462
0.12626 0.09464
0.12566 0.09466
0.12508 0.09469
0.12451 0.09471
0.12396 0.09473
0.12341 0.09475
0.12288 0.09477
0.12236 0.09479
0.12186 0.09481
0.12136 0.09482
0.12089 0.09484
0.12042 0.09486
0.11997 0.09488
0.11953 0.09489
0.11911 0.09491
0.11870 0.09493
0.11830 0.09494
0.11792 0.09496
0.11756 0.09498
0.11720 0.09499
0.11686 0.09501
0.11654 0.09502
0.11622 0.09504
0.11593 0.09505
0.11564 0.09506
0.11537 0.09508
0.11511 0.09509
0.11486 0.09511
0.11463 0.09512
0.11441 0.09513
0.11420 0.09514
0.11400 0.09516
0.11381 0.09517
0.11364 0.09518
0.11347 0.09520
0.11332 0.09521
0.11317 0.09522
0.11304 0.09523
0.11291 0.09524
0.11280 0.09526
0.11269 0.09527
0.11259 0.09528
0.11249 0.09529
0.11241 0.09530
0.11233 0.09532
0.11225 0.09533
0.11219 0.09534
0.11212 0.09535
0.11206 0.09536
0.11201 0.09537
0.11195 0.09538
0.11190 0.09539
0.11186 0.09541
0.11181 0.09542
0.11176 0.09543
0.11171 0.09544
0.11167 0.09545
0.11162 0.09546
0.11157 0.09547
0.11152 0.09548
0.11147 0.09549
0.11141 0.09550
0.11135 0.09551
0.11129 0.09553
0.11123 0.09554
0.11115 0.09555
0.11107 0.09556
0.11098 0.09557
0.11088 0.09558
0.11077 0.09559
0.11066 0.09560
0.11054 0.09561
0.11040 0.09562
0.11026 0.09563
0.11010 0.09564
0.10994 0.09565
0.10976 0.09566
0.10957 0.09566
0.10936 0.09567
0.10914 0.09568
0.10891 0.09569
0.10867 0.09570
0.10840 0.09571
0.10813 0.09572
0.10783 0.09572
0.10752 0.09573
0.10720 0.09574
0.10685 0.09575
0.10649 0.09575
0.10611 0.09576
0.10571 0.09577
0.10530 0.09577
0.10487 0.09578
0.10441 0.09579
0.10394 0.09579
0.10345 0.09580
0.10294 0.09580
0.10240 0.09581
0.10185 0.09581
0.10128 0.09581
0.10069 0.09582
0.10007 0.09582
0.09944 0.09582
0.09878 0.09582
0.09811 0.09582
0.09741 0.09583
0.09670 0.09583
0.09596 0.09583
0.09520 0.09583
0.09442 0.09582
0.09362 0.09582
0.09280 0.09582
0.09196 0.09582
0.09110 0.09582
0.09022 0.09581
0.08932 0.09581
0.08841 0.09580
0.08747 0.09580
0.08651 0.09579
0.08554 0.09579
0.08454 0.09578
0.08353 0.09577
0.08251 0.09576
0.08146 0.09575
0.08040 0.09574
0.07933 0.09573
0.07823 0.09572
0.07713 0.09571
0.07600 0.09570
0.07487 0.09568
0.07372 0.09567
0.07255 0.09565
0.07138 0.09564
0.07019 0.09562
0.06900 0.09560
0.06779 0.09559
0.06657 0.09557
0.06534 0.09555
0.06411 0.09553
0.06287 0.09551
0.06162 0.09549
0.06037 0.09546
0.05911 0.09544
0.05784 0.09542
0.05657 0.09539
0.05530 0.09537
0.05403 0.09534
0.05276 0.09531
0.05148 0.09529
0.05021 0.09526
0.04893 0.09523
0.04766 0.09520
0.04640 0.09517
0.04513 0.09513
0.04387 0.09510
0.04262 0.09507
0.04138 0.09504
0.04014 0.09500
0.03891 0.09497
0.03768 0.09493
0.03648 0.09489
0.03528 0.09485
0.03409 0.09482
0.03291 0.09478
0.03175 0.09474
0.03062 0.09470
0.02950 0.09466
0.02838 0.09462
0.02729 0.09457
0.02622 0.09453
0.02516 0.09449
0.02412 0.09444
0.02311 0.09440
0.02211 0.09435
0.02114 0.09431
0.02020 0.09426
0.01927 0.09421
0.01837 0.09417
0.01750 0.09412
0.01666 0.09407
0.01584 0.09402
0.01505 0.09397
0.01429 0.09392
0.01356 0.09387
0.01286 0.09382
0.01220 0.09377
0.01156 0.09372
0.01096 0.09367
0.01039 0.09362
0.00985 0.09357
0.00935 0.09351
0.00888 0.09346
0.00845 0.09341
0.00805 0.09336
0.00769 0.09330
0.00737 0.09325
0.00709 0.09320
0.00684 0.09315
0.00663 0.09309
0.00646 0.09304
0.00633 0.09299
0.00624 0.09293
0.00619 0.09288
0.00618 0.09283
0.00621 0.09277
0.00628 0.09272
0.00639 0.09267
0.00654 0.09261
0.00673 0.09256
0.00696 0.09251
0.00723 0.09246
0.00755 0.09241
0.00790 0.09235
0.00830 0.09230
0.00874 0.09225
0.00922 0.09220
0.00974 0.09215
0.01030 0.09210
0.01090 0.09205
0.01154 0.09200
0.01222 0.09195
0.01295 0.09191
0.01371 0.09186
0.01451 0.09181
0.01535 0.09177
0.01623 0.09172
0.01715 0.09167
0.01811 0.09163
0.01910 0.09159
0.02013 0.09154
0.02120 0.09150
0.02230 0.09146
0.02344 0.09142
0.02461 0.09138
0.02582 0.09134
0.02707 0.09130
0.02834 0.09126
0.02965 0.09123
0.03099 0.09119
0.03236 0.09115
0.03376 0.09112
0.03519 0.09109
0.03665 0.09105
0.03814 0.09102
0.03965 0.09099
0.04119 0.09096
0.04276 0.09093
0.04435 0.09090
0.04597 0.09088
0.04761 0.09085
0.04926 0.09083
0.05095 0.09080
0.05265 0.09078
0.05437 0.09076
0.05610 0.09074
0.05786 0.09072
0.05963 0.09070
0.06141 0.09068
0.06321 0.09067
0.06503 0.09065
0.06685 0.09064
0.06869 0.09062
0.07053 0.09061
0.07238 0.09060
0.07425 0.09059
0.07612 0.09058
0.07797 0.09058
0.07987 0.09057
0.08177 0.09056
0.08363 0.09056
0.08552 0.09056
0.08740 0.09056
0.08929 0.09055
0.09117 0.09055
0.09305 0.09056
0.09493 0.09056
0.09679 0.09056
0.09865 0.09057
0.10051 0.09057
0.10236 0.09058
0.10419 0.09059
0.10602 0.09060
0.10784 0.09061
0.10964 0.09062
0.11143 0.09063
0.11321 0.09064
0.11497 0.09066
0.11671 0.09067
0.11843 0.09069
0.12014 0.09071
0.12183 0.09072
0.12350 0.09074
0.12514 0.09076
0.12677 0.09078
0.12838 0.09081
0.12995 0.09083
0.13151 0.09085
0.13304 0.09088
0.13454 0.09090
0.13601 0.09093
0.13747 0.09096
0.13889 0.09098
0.14028 0.09101
0.14164 0.09104
0.14298 0.09107
0.14428 0.09110
0.14555 0.09113
0.14680 0.09117
0.14800 0.09120
0.14918 0.09123
0.15032 0.09127
0.15143 0.09130
0.15251 0.09134
0.15355 0.09137
0.15455 0.09141
0.15552 0.09144
0.15646 0.09148
0.15736 0.09152
0.15822 0.09156
0.15905 0.09160
0.15984 0.09164
0.16059 0.09167
0.16131 0.09171
0.16199 0.09175
0.16263 0.09179
0.16324 0.09184
0.16381 0.09188
0.16435 0.09192
0.16484 0.09196
0.16530 0.09200
0.16572 0.09204
0.16611 0.09209
0.16646 0.09213
0.16677 0.09217
0.16704 0.09221
0.16728 0.09226
0.16749 0.09230
0.16766 0.09234
0.16779 0.09238
0.16789 0.09243
0.16795 0.09247
0.16798 0.09251
0.16798 0.09255
0.16794 0.09260
0.16787 0.09264
0.16776 0.09268
0.16763 0.09272
0.16747 0.09277
0.16726 0.09281
0.16703 0.09285
0.16677 0.09289
0.16649 0.09293
0.16617 0.09297
0.16583 0.09302
0.16545 0.09306
0.16506 0.09310
0.16462 0.09314
0.16417 0.09318
0.16369 0.09322
0.16319 0.09325
0.16267 0.09329
0.16212 0.09333
0.16155 0.09337
0.16096 0.09341
0.16035 0.09345
0.15971 0.09348
0.15906 0.09352
0.15839 0.09356
0.15771 0.09359
0.15699 0.09363
0.15628 0.09366
0.15556 0.09370
0.15481 0.09373
0.15406 0.09376
0.15328 0.09380
0.15249 0.09383
0.15169 0.09386
0.15088 0.09389
0.15007 0.09392
0.14924 0.09395
0.14840 0.09398
0.14756 0.09401
0.14671 0.09404
0.14586 0.09407
0.14500 0.09410
0.14414 0.09413
0.14327 0.09415
0.14241 0.09418
0.14154 0.09421
0.14066 0.09423
0.13979 0.09426
0.13892 0.09428
0.13805 0.09431
0.13719 0.09433
0.13632 0.09435
0.13546 0.09438
0.13460 0.09440
0.13375 0.09442
0.13290 0.09444
0.13206 0.09446
0.13123 0.09448
0.13040 0.09450
0.12958 0.09452
0.12877 0.09454
0.12796 0.09456
0.12717 0.09457
0.12638 0.09459
0.12561 0.09461
0.12485 0.09463
0.12409 0.09464
0.12335 0.09466
0.12262 0.09467
0.12191 0.09469
0.12120 0.09470
0.12051 0.09472
0.11983 0.09473
0.11917 0.09474
0.11852 0.09476
0.11788 0.09477
0.11726 0.09478
0.11665 0.09479
0.11606 0.09480
0.11548 0.09481
0.11492 0.09483
0.11437 0.09484
0.11384 0.09485
0.11332 0.09486
0.11282 0.09487
0.11233 0.09488
0.11186 0.09488
0.11140 0.09489
0.11096 0.09490
0.11054 0.09491
0.11013 0.09492
0.10973 0.09493
0.10935 0.09493
0.10898 0.09494
0.10863 0.09495
0.10829 0.09496
0.10797 0.09496
0.10766 0.09497
0.10736 0.09498
0.10708 0.09498
0.10681 0.09499
0.10655 0.09500
0.10631 0.09500
0.10607 0.09501
0.10585 0.09501
0.10564 0.09502
0.10544 0.09502
0.10525 0.09503
0.10507 0.09504
0.10490 0.09504
0.10474 0.09505
0.10459 0.09505
0.10445 0.09506
0.10431 0.09506
0.10418 0.09507
0.10406 0.09507
0.10394 0.09508
0.10383 0.09508
0.10373 0.09508
0.10363 0.09509
0.10353 0.09509
0.10343 0.09510
0.10334 0.09510
0.10325 0.09511
0.10317 0.09511
0.10307 0.09511
0.10298 0.09512
0.10289 0.09512
0.10283 0.09513
0.10271 0.09513
0.10259 0.09514
0.10247 0.09514
0.10239 0.09514
0.10229 0.09515
0.10218 0.09515
0.10207 0.09515
0.10196 0.09516
0.10183 0.09516
0.10170 0.09516
0.10157 0.09517
0.10142 0.09517
0.10127 0.09517
0.10111 0.09518
0.10094 0.09518
0.10076 0.09518
0.10057 0.09519
0.10036 0.09519
0.10015 0.09519
0.09992 0.09519
0.09969 0.09520
0.09943 0.09520
0.09916 0.09520
0.09888 0.09520
0.09859 0.09520
0.09828 0.09521
0.09796 0.09521
0.09762 0.09521
0.09726 0.09521
0.09689 0.09521
0.09650 0.09521
0.09610 0.09521
0.09568 0.09521
0.09524 0.09521
0.09478 0.09521
0.09431 0.09521
0.09381 0.09521
0.09330 0.09521
0.09277 0.09521
0.09223 0.09521
0.09166 0.09520
0.09108 0.09520
0.09047 0.09520
0.08985 0.09520
0.08921 0.09519
0.08855 0.09519
0.08787 0.09519
0.08718 0.09518
0.08646 0.09518
0.08573 0.09517
0.08497 0.09517
0.08420 0.09516
0.08341 0.09516
0.08261 0.09515
0.08178 0.09514
0.08094 0.09514
0.08008 0.09513
0.07921 0.09512
0.07831 0.09511
0.07741 0.09510
0.07648 0.09509
0.07554 0.09508
0.07458 0.09507
0.07361 0.09506
0.07263 0.09505
0.07163 0.09504
0.07062 0.09503
0.06960 0.09501
0.06855 0.09500
0.06751 0.09499
0.06645 0.09497
0.06538 0.09496
0.06430 0.09494
0.06321 0.09492
0.06211 0.09491
0.06100 0.09489
0.05988 0.09487
0.05877 0.09485
0.05764 0.09484
0.05650 0.09482
0.05537 0.09480
0.05423 0.09478
0.05308 0.09476
0.05194 0.09473
0.05079 0.09471
0.04964 0.09469
0.04849 0.09467
0.04735 0.09464
0.04620 0.09462
0.04506 0.09459
0.04392 0.09457
0.04278 0.09454
0.04165 0.09451
0.04052 0.09449
0.03940 0.09446
0.03830 0.09443
0.03719 0.09440
0.03610 0.09437
0.03502 0.09434
0.03395 0.09431
0.03288 0.09428
0.03184 0.09425
