QEq 0.07819
0.07820 0.07820
0.07823 0.07821
0.07829 0.07824
0.07837 0.07827
0.07847 0.07831
0.07859 0.07836
0.07874 0.07841
0.07891 0.07847
0.07910 0.07854
0.07931 0.07862
0.07954 0.07870
0.07980 0.07879
0.08007 0.07889
0.08037 0.07900
0.08068 0.07911
0.08102 0.07923
0.08138 0.07936
0.08175 0.07949
0.08215 0.07963
0.08257 0.07978
0.08300 0.07993
0.08345 0.08009
0.08392 0.08026
0.08441 0.08043
0.08491 0.08061
0.08542 0.08079
0.08596 0.08099
0.08650 0.08118
0.08707 0.08139
0.08764 0.08159
0.08823 0.08181
0.08884 0.08203
0.08946 0.08225
0.09008 0.08248
0.09072 0.08272
0.09137 0.08296
0.09203 0.08320
0.09270 0.08345
0.09338 0.08371
0.09406 0.08397
0.09474 0.08423
0.09545 0.08450
0.09615 0.08477
0.09686 0.08504
0.09757 0.08532
0.09829 0.08560
0.09901 0.08589
0.09975 0.08618
0.10046 0.08647
0.10118 0.08676
0.10189 0.08706
0.10261 0.08736
0.10335 0.08766
0.10408 0.08796
0.10479 0.08827
0.10551 0.08858
0.10622 0.08889
0.10692 0.08920
0.10764 0.08951
0.10833 0.08982
0.10901 0.09014
0.10970 0.09045
0.11038 0.09077
0.11104 0.09109
0.11170 0.09140
0.11235 0.09172
0.11298 0.09204
0.11361 0.09236
0.11423 0.09267
0.11483 0.09299
0.11541 0.09331
0.11599 0.09362
0.11655 0.09394
0.11710 0.09425
0.11762 0.09456
0.11814 0.09487
0.11864 0.09518
0.11912 0.09549
0.11959 0.09579
0.12004 0.09609
0.12047 0.09639
0.12088 0.09669
0.12128 0.09699
0.12165 0.09728
0.12200 0.09757
0.12234 0.09786
0.12265 0.09815
0.12295 0.09843
0.12322 0.09871
0.12348 0.09898
0.12371 0.09925
0.12392 0.09952
0.12410 0.09979
0.12427 0.10005
0.12442 0.10030
0.12454 0.10056
0.12464 0.10080
0.12472 0.10105
0.12477 0.10129
0.12481 0.10152
0.12482 0.10175
0.12481 0.10198
0.12477 0.10220
0.12472 0.10242
0.12464 0.10263
0.12454 0.10284
0.12442 0.10304
0.12427 0.10323
0.12410 0.10343
0.12392 0.10361
0.12371 0.10379
0.12348 0.10397
0.12323 0.10414
0.12295 0.10430
0.12266 0.10446
0.12235 0.10462
0.12201 0.10477
0.12166 0.10491
0.12129 0.10505
0.12090 0.10518
0.12049 0.10531
0.12006 0.10543
0.11962 0.10554
0.11916 0.10565
0.11868 0.10576
0.11819 0.10586
0.11768 0.10595
0.11715 0.10604
0.11661 0.10612
0.11606 0.10619
0.11549 0.10627
0.11492 0.10633
0.11432 0.10639
0.11372 0.10645
0.11311 0.10650
0.11248 0.10654
0.11184 0.10658
0.11119 0.10661
0.11053 0.10664
0.10987 0.10666
0.10921 0.10668
0.10852 0.10669
0.10784 0.10670
0.10716 0.10670
0.10646 0.10670
0.10575 0.10670
0.10508 0.10669
0.10437 0.10667
0.10365 0.10665
0.10294 0.10662
0.10222 0.10660
0.10150 0.10656
0.10079 0.10652
0.10011 0.10648
0.09940 0.10644
0.09868 0.10639
0.09800 0.10633
0.09730 0.10628
0.09661 0.10622
0.09594 0.10615
0.09526 0.10608
0.09459 0.10601
0.09393 0.10594
0.09327 0.10586
0.09263 0.10578
0.09199 0.10570
0.09136 0.10561
0.09075 0.10552
0.09015 0.10543
0.08956 0.10534
0.08898 0.10524
0.08841 0.10515
0.08786 0.10505
0.08732 0.10494
0.08680 0.10484
0.08629 0.10474
0.08580 0.10463
0.08532 0.10452
0.08486 0.10441
0.08442 0.10430
0.08399 0.10419
0.08358 0.10407
0.08319 0.10396
0.08282 0.10384
0.08247 0.10373
0.08214 0.10361
0.08182 0.10350
0.08153 0.10338
0.08126 0.10326
0.08100 0.10315
0.08077 0.10303
0.08056 0.10291
0.08037 0.10279
0.08020 0.10268
0.08006 0.10256
0.07993 0.10245
0.07982 0.10233
0.07974 0.10222
0.07968 0.10210
0.07964 0.10199
0.07963 0.10188
0.07963 0.10177
0.07966 0.10166
0.07971 0.10155
0.07978 0.10145
0.07987 0.10134
0.07999 0.10124
0.08012 0.10114
0.08028 0.10104
0.08046 0.10094
0.08066 0.10084
0.08088 0.10075
0.08112 0.10066
0.08138 0.10057
0.08166 0.10048
0.08196 0.10039
0.08228 0.10031
0.08262 0.10023
0.08298 0.10015
0.08335 0.10007
0.08375 0.10000
0.08416 0.09993
0.08459 0.09986
0.08504 0.09979
0.08550 0.09973
0.08598 0.09967
0.08647 0.09961
0.08698 0.09956
0.08750 0.09950
0.08804 0.09945
0.08859 0.09941
0.08915 0.09936
0.08973 0.09932
0.09031 0.09928
0.09091 0.09925
0.09152 0.09921
0.09214 0.09918
0.09276 0.09916
0.09340 0.09913
0.09404 0.09911
0.09469 0.09909
0.09535 0.09908
0.09602 0.09907
0.09668 0.09906
0.09737 0.09905
0.09803 0.09905
0.09869 0.09904
0.09940 0.09905
0.10011 0.09905
0.10083 0.09906
0.10154 0.09907
0.10226 0.09908
0.10297 0.09909
0.10365 0.09911
0.10431 0.09913
0.10502 0.09916
0.10568 0.09918
0.10636 0.09921
0.10701 0.09924
0.10768 0.09927
0.10833 0.09931
0.10897 0.09934
0.10961 0.09938
0.11025 0.09942
0.11087 0.09947
0.11148 0.09951
0.11209 0.09956
0.11268 0.09961
0.11327 0.09966
0.11383 0.09971
0.11439 0.09977
0.11493 0.09982
0.11546 0.09988
0.11598 0.09994
0.11649 0.10000
0.11697 0.10006
0.11745 0.10012
0.11790 0.10019
0.11834 0.10025
0.11876 0.10032
0.11917 0.10038
0.11955 0.10045
0.11992 0.10052
0.12028 0.10059
0.12061 0.10066
0.12092 0.10073
0.12121 0.10080
0.12149 0.10087
0.12174 0.10095
0.12198 0.10102
0.12219 0.10109
0.12238 0.10116
0.12255 0.10124
0.12271 0.10131
0.12284 0.10138
0.12295 0.10146
0.12303 0.10153
0.12310 0.10160
0.12314 0.10167
0.12316 0.10175
0.12316 0.10182
0.12315 0.10189
0.12310 0.10196
0.12303 0.10203
0.12295 0.10210
0.12284 0.10216
0.12272 0.10223
0.12257 0.10230
0.12240 0.10236
0.12221 0.10243
0.12199 0.10249
0.12176 0.10255
0.12151 0.10261
0.12124 0.10267
0.12095 0.10273
0.12063 0.10278
0.12031 0.10284
0.11996 0.10289
0.11959 0.10295
0.11920 0.10300
0.11880 0.10305
0.11838 0.10309
0.11795 0.10314
0.11749 0.10318
0.11702 0.10323
0.11654 0.10327
0.11603 0.10331
0.11552 0.10334
0.11500 0.10338
0.11446 0.10341
0.11390 0.10344
0.11333 0.10347
0.11276 0.10350
0.11217 0.10353
0.11157 0.10355
0.11096 0.10357
0.11034 0.10359
0.10971 0.10361
0.10908 0.10363
0.10843 0.10364
0.10778 0.10365
0.10712 0.10366
0.10645 0.10367
0.10580 0.10368
0.10511 0.10368
0.10445 0.10369
0.10379 0.10369
0.10309 0.10368
0.10237 0.10368
0.10166 0.10367
0.10094 0.10367
0.10023 0.10366
0.09951 0.10364
0.09883 0.10363
0.09817 0.10362
0.09749 0.10360
0.09682 0.10358
0.09616 0.10356
0.09550 0.10354
0.09485 0.10351
0.09421 0.10349
0.09357 0.10346
0.09294 0.10343
0.09232 0.10340
0.09170 0.10337
0.09110 0.10333
0.09051 0.10330
0.08993 0.10326
0.08936 0.10323
0.08880 0.10319
0.08826 0.10315
0.08773 0.10310
0.08721 0.10306
0.08671 0.10302
0.08622 0.10297
0.08575 0.10293
0.08529 0.10288
0.08485 0.10283
0.08443 0.10278
0.08402 0.10274
0.08363 0.10269
0.08326 0.10263
0.08291 0.10258
0.08258 0.10253
0.08226 0.10248
0.08197 0.10242
0.08169 0.10237
0.08143 0.10232
0.08120 0.10226
0.08098 0.10221
0.08079 0.10215
0.08062 0.10210
0.08046 0.10204
0.08033 0.10199
0.08022 0.10193
0.08013 0.10188
0.08007 0.10182
0.08002 0.10177
0.08000 0.10171
0.08000 0.10166
0.08001 0.10161
0.08006 0.10155
0.08012 0.10150
0.08020 0.10145
0.08031 0.10139
0.08044 0.10134
0.08059 0.10129
0.08076 0.10124
0.08095 0.10119
0.08116 0.10114
0.08140 0.10109
0.08165 0.10105
0.08193 0.10100
0.08222 0.10096
0.08253 0.10091
0.08287 0.10087
0.08322 0.10083
0.08359 0.10078
0.08398 0.10074
0.08439 0.10071
0.08481 0.10067
0.08525 0.10063
0.08571 0.10060
0.08618 0.10056
0.08668 0.10053
0.08718 0.10050
0.08770 0.10047
0.08824 0.10044
0.08878 0.10041
0.08935 0.10039
0.08992 0.10036
0.09051 0.10034
0.09110 0.10032
0.09172 0.10030
0.09234 0.10028
0.09296 0.10026
0.09360 0.10025
0.09425 0.10023
0.09491 0.10022
0.09557 0.10021
0.09624 0.10020
0.09692 0.10020
0.09759 0.10019
0.09828 0.10018
0.09896 0.10018
0.09968 0.10018
0.10034 0.10018
0.10104 0.10018
0.10176 0.10019
0.10247 0.10019
0.10319 0.10020
0.10390 0.10021
0.10462 0.10022
0.10531 0.10023
0.10597 0.10024
0.10668 0.10025
0.10735 0.10027
0.10804 0.10029
0.10870 0.10031
0.10937 0.10032
0.11003 0.10035
0.11068 0.10037
0.11132 0.10039
0.11196 0.10042
0.11258 0.10044
0.11319 0.10047
0.11379 0.10050
0.11438 0.10053
0.11496 0.10056
0.11554 0.10059
0.11608 0.10062
0.11662 0.10066
0.11715 0.10069
0.11766 0.10073
0.11816 0.10077
0.11864 0.10080
0.11910 0.10084
0.11955 0.10088
0.11998 0.10092
0.12039 0.10096
0.12078 0.10100
0.12116 0.10104
0.12151 0.10109
0.12185 0.10113
0.12217 0.10117
0.12247 0.10122
0.12274 0.10126
0.12301 0.10131
0.12324 0.10135
0.12346 0.10140
0.12365 0.10144
0.12383 0.10149
0.12398 0.10153
0.12411 0.10158
0.12422 0.10162
0.12430 0.10167
0.12437 0.10171
0.12441 0.10176
0.12443 0.10181
0.12443 0.10185
0.12441 0.10190
0.12436 0.10194
0.12429 0.10198
0.12420 0.10203
0.12409 0.10207
0.12395 0.10212
0.12379 0.10216
0.12362 0.10220
0.12342 0.10224
0.12320 0.10228
0.12296 0.10232
0.12269 0.10236
0.12241 0.10240
0.12210 0.10244
0.12178 0.10248
0.12144 0.10252
0.12107 0.10255
0.12069 0.10259
0.12029 0.10262
0.11987 0.10265
0.11943 0.10269
0.11897 0.10272
0.11850 0.10275
0.11801 0.10278
0.11750 0.10280
0.11699 0.10283
0.11645 0.10286
0.11590 0.10288
0.11533 0.10291
0.11476 0.10293
0.11416 0.10295
0.11356 0.10297
0.11295 0.10299
0.11232 0.10301
0.11168 0.10302
0.11103 0.10304
0.11037 0.10305
0.10971 0.10306
0.10904 0.10307
0.10835 0.10308
0.10765 0.10309
0.10696 0.10310
0.10627 0.10310
0.10556 0.10311
0.10485 0.10311
0.10414 0.10311
0.10342 0.10311
0.10270 0.10311
0.10198 0.10311
0.10126 0.10311
0.10055 0.10310
0.09983 0.10310
0.09912 0.10309
0.09840 0.10308
0.09769 0.10307
0.09697 0.10306
0.09628 0.10305
0.09557 0.10304
0.09488 0.10302
0.09419 0.10301
0.09350 0.10299
0.09283 0.10297
0.09217 0.10295
0.09151 0.10293
0.09087 0.10291
0.09023 0.10289
0.08961 0.10286
0.08898 0.10284
0.08838 0.10281
0.08779 0.10279
0.08722 0.10276
0.08665 0.10273
0.08611 0.10270
0.08557 0.10267
0.08506 0.10264
0.08455 0.10261
0.08407 0.10258
0.08359 0.10255
0.08314 0.10251
0.08271 0.10248
0.08229 0.10244
0.08189 0.10241
0.08151 0.10237
0.08116 0.10234
0.08082 0.10230
0.08049 0.10226
0.08020 0.10223
0.07992 0.10219
0.07966 0.10215
0.07942 0.10211
0.07921 0.10207
0.07901 0.10203
0.07884 0.10199
0.07869 0.10195
0.07857 0.10192
0.07846 0.10188
0.07838 0.10184
0.07832 0.10180
0.07828 0.10176
0.07826 0.10172
0.07827 0.10168
0.07830 0.10164
0.07835 0.10160
0.07843 0.10156
0.07852 0.10153
0.07864 0.10149
0.07879 0.10145
0.07895 0.10141
0.07914 0.10138
0.07934 0.10134
0.07957 0.10131
0.07982 0.10127
0.08010 0.10124
0.08039 0.10120
0.08070 0.10117
0.08103 0.10114
0.08139 0.10110
0.08176 0.10107
0.08215 0.10104
0.08256 0.10101
0.08299 0.10098
0.08344 0.10095
0.08391 0.10093
0.08439 0.10090
0.08489 0.10088
0.08541 0.10085
0.08594 0.10083
0.08648 0.10080
0.08705 0.10078
0.08762 0.10076
0.08821 0.10074
0.08881 0.10072
0.08942 0.10070
0.09005 0.10069
0.09069 0.10067
0.09134 0.10066
0.09199 0.10064
0.09266 0.10063
0.09334 0.10062
0.09403 0.10061
0.09472 0.10060
0.09541 0.10059
0.09611 0.10059
0.09683 0.10058
0.09755 0.10057
0.09826 0.10057
0.09898 0.10057
0.09973 0.10057
0.10045 0.10057
0.10117 0.10057
0.10188 0.10057
0.10260 0.10057
0.10331 0.10058
0.10408 0.10058
0.10479 0.10059
0.10551 0.10060
0.10623 0.10061
0.10694 0.10061
0.10764 0.10063
0.10834 0.10064
0.10905 0.10065
0.10973 0.10066
0.11041 0.10068
0.11108 0.10069
0.11174 0.10071
0.11239 0.10073
0.11304 0.10075
0.11367 0.10077
0.11429 0.10079
0.11490 0.10081
0.11549 0.10083
0.11608 0.10085
0.11664 0.10088
0.11720 0.10090
0.11773 0.10092
0.11826 0.10095
0.11877 0.10098
0.11925 0.10100
0.11973 0.10103
0.12018 0.10106
0.12062 0.10109
0.12104 0.10112
0.12144 0.10115
0.12182 0.10118
0.12218 0.10121
0.12253 0.10124
0.12285 0.10127
0.12315 0.10130
0.12343 0.10133
0.12369 0.10137
0.12393 0.10140
0.12414 0.10143
0.12434 0.10147
0.12452 0.10150
0.12467 0.10153
0.12480 0.10157
0.12491 0.10160
0.12499 0.10163
0.12505 0.10167
0.12509 0.10170
0.12511 0.10173
0.12511 0.10177
0.12508 0.10180
0.12503 0.10183
0.12496 0.10186
0.12486 0.10190
0.12474 0.10193
0.12460 0.10196
0.12444 0.10199
0.12426 0.10202
0.12405 0.10206
0.12383 0.10209
0.12358 0.10212
0.12331 0.10215
0.12302 0.10218
0.12271 0.10220
0.12239 0.10223
0.12203 0.10226
0.12167 0.10229
0.12128 0.10231
0.12087 0.10234
0.12045 0.10236
0.12000 0.10239
0.11954 0.10241
0.11906 0.10244
0.11857 0.10246
0.11806 0.10248
0.11753 0.10250
0.11699 0.10252
0.11644 0.10254
0.11587 0.10256
0.11529 0.10257
0.11469 0.10259
0.11409 0.10261
0.11347 0.10262
0.11283 0.10263
0.11219 0.10265
0.11155 0.10266
0.11089 0.10267
0.11022 0.10268
0.10954 0.10269
0.10886 0.10270
0.10818 0.10271
0.10747 0.10271
0.10679 0.10272
0.10607 0.10272
0.10535 0.10273
0.10466 0.10273
0.10394 0.10273
0.10322 0.10273
0.10251 0.10273
0.10179 0.10273
0.10108 0.10273
0.10036 0.10272
0.09965 0.10272
0.09894 0.10271
0.09824 0.10271
0.09752 0.10270
0.09683 0.10269
0.09613 0.10269
0.09544 0.10268
0.09476 0.10267
0.09409 0.10265
0.09342 0.10264
0.09276 0.10263
0.09212 0.10262
0.09148 0.10260
0.09085 0.10259
0.09023 0.10257
0.08962 0.10255
0.08903 0.10254
0.08845 0.10252
0.08788 0.10250
0.08733 0.10248
0.08679 0.10246
0.08626 0.10244
0.08576 0.10242
0.08526 0.10239
0.08479 0.10237
0.08433 0.10235
0.08389 0.10232
0.08346 0.10230
0.08306 0.10228
0.08267 0.10225
0.08230 0.10223
0.08195 0.10220
0.08162 0.10217
0.08131 0.10215
0.08102 0.10212
0.08076 0.10209
0.08051 0.10207
0.08028 0.10204
0.08007 0.10201
0.07989 0.10198
0.07973 0.10196
0.07959 0.10193
0.07947 0.10190
0.07937 0.10187
0.07929 0.10184
0.07924 0.10181
0.07921 0.10179
0.07920 0.10176
0.07921 0.10173
0.07925 0.10170
0.07930 0.10167
0.07938 0.10165
0.07948 0.10162
0.07961 0.10159
0.07975 0.10156
0.07992 0.10154
0.08010 0.10151
0.08031 0.10149
0.08054 0.10146
0.08079 0.10143
0.08106 0.10141
0.08135 0.10138
0.08166 0.10136
0.08199 0.10134
0.08234 0.10131
0.08271 0.10129
0.08310 0.10127
0.08350 0.10125
0.08392 0.10123
0.08436 0.10121
0.08482 0.10119
0.08529 0.10117
0.08578 0.10115
0.08629 0.10113
0.08680 0.10111
0.08734 0.10110
0.08789 0.10108
0.08844 0.10106
0.08902 0.10105
0.08960 0.10104
0.09020 0.10102
0.09081 0.10101
0.09143 0.10100
0.09206 0.10099
0.09269 0.10098
0.09333 0.10097
0.09398 0.10096
0.09465 0.10095
0.09530 0.10095
0.09599 0.10094
0.09665 0.10094
0.09736 0.10093
0.09802 0.10093
0.09870 0.10093
0.09941 0.10092
0.10013 0.10092
0.10085 0.10092
0.10156 0.10092
0.10228 0.10093
0.10299 0.10093
0.10365 0.10093
0.10434 0.10094
0.10504 0.10094
0.10571 0.10095
0.10639 0.10095
0.10707 0.10096
0.10773 0.10097
0.10839 0.10098
0.10905 0.10099
0.10970 0.10100
0.11033 0.10101
0.11097 0.10102
0.11158 0.10103
0.11219 0.10104
0.11279 0.10106
0.11337 0.10107
0.11395 0.10109
0.11450 0.10110
0.11506 0.10112
0.11559 0.10113
0.11611 0.10115
0.11662 0.10117
0.11711 0.10119
0.11758 0.10120
0.11804 0.10122
0.11848 0.10124
0.11891 0.10126
0.11932 0.10128
0.11971 0.10131
0.12008 0.10133
0.12044 0.10135
0.12077 0.10137
0.12109 0.10139
0.12138 0.10141
0.12166 0.10144
0.12192 0.10146
0.12215 0.10148
0.12237 0.10151
0.12256 0.10153
0.12273 0.10155
0.12289 0.10158
0.12302 0.10160
0.12313 0.10163
0.12321 0.10165
0.12328 0.10167
0.12333 0.10170
0.12334 0.10172
0.12335 0.10175
0.12333 0.10177
0.12328 0.10179
0.12322 0.10182
0.12314 0.10184
0.12303 0.10186
0.12290 0.10189
0.12275 0.10191
0.12258 0.10193
0.12239 0.10196
0.12218 0.10198
0.12195 0.10200
0.12169 0.10202
0.12142 0.10204
0.12113 0.10206
0.12082 0.10208
0.12049 0.10210
0.12014 0.10212
0.11977 0.10214
0.11938 0.10216
0.11898 0.10218
0.11856 0.10220
0.11812 0.10221
0.11767 0.10223
0.11720 0.10225
0.11671 0.10226
0.11621 0.10228
0.11570 0.10229
0.11517 0.10231
0.11463 0.10232
0.11408 0.10233
0.11351 0.10234
0.11293 0.10236
0.11234 0.10237
0.11174 0.10238
0.11113 0.10239
0.11050 0.10239
0.10988 0.10240
0.10924 0.10241
0.10860 0.10242
0.10795 0.10242
0.10730 0.10243
0.10663 0.10243
0.10598 0.10244
0.10529 0.10244
0.10463 0.10244
0.10396 0.10244
0.10324 0.10244
0.10253 0.10244
0.10184 0.10244
0.10114 0.10244
0.10043 0.10244
0.09971 0.10244
0.09905 0.10243
0.09839 0.10243
0.09770 0.10242
0.09704 0.10242
0.09637 0.10241
0.09572 0.10240
0.09507 0.10240
0.09442 0.10239
0.09379 0.10238
0.09316 0.10237
0.09254 0.10236
0.09193 0.10235
0.09133 0.10234
0.09074 0.10233
0.09015 0.10231
0.08959 0.10230
0.08903 0.10229
0.08849 0.10227
0.08796 0.10226
0.08744 0.10224
0.08694 0.10223
0.08645 0.10221
0.08598 0.10219
0.08553 0.10218
0.08509 0.10216
0.08466 0.10214
0.08426 0.10212
0.08387 0.10210
0.08350 0.10209
0.08315 0.10207
0.08282 0.10205
0.08250 0.10203
0.08221 0.10201
0.08193 0.10199
0.08168 0.10197
0.08144 0.10195
0.08123 0.10192
0.08103 0.10190
0.08086 0.10188
0.08070 0.10186
0.08058 0.10184
0.08046 0.10182
0.08038 0.10180
0.08031 0.10178
0.08026 0.10175
0.08024 0.10173
0.08024 0.10171
0.08026 0.10169
0.08030 0.10167
0.08036 0.10165
0.08044 0.10163
0.08055 0.10160
0.08068 0.10158
0.08082 0.10156
0.08100 0.10154
0.08119 0.10152
0.08140 0.10150
0.08163 0.10148
0.08188 0.10146
0.08215 0.10144
0.08244 0.10143
0.08275 0.10141
0.08309 0.10139
0.08343 0.10137
0.08380 0.10135
0.08419 0.10134
0.08459 0.10132
0.08501 0.10131
0.08545 0.10129
0.08591 0.10128
0.08638 0.10126
0.08686 0.10125
0.08736 0.10123
0.08788 0.10122
0.08841 0.10121
0.08895 0.10120
0.08951 0.10118
0.09008 0.10117
0.09066 0.10116
0.09126 0.10115
0.09186 0.10114
0.09247 0.10114
0.09310 0.10113
0.09373 0.10112
0.09437 0.10112
0.09502 0.10111
0.09567 0.10110
0.09633 0.10110
0.09700 0.10110
0.09769 0.10109
0.09834 0.10109
0.09905 0.10109
0.09971 0.10109
0.10038 0.10109
0.10110 0.10109
0.10181 0.10109
0.10253 0.10109
0.10324 0.10109
0.10396 0.10109
0.10467 0.10110
0.10535 0.10110
0.10601 0.10110
0.10671 0.10111
0.10737 0.10112
0.10804 0.10112
0.10870 0.10113
0.10936 0.10114
0.11000 0.10115
0.11064 0.10115
0.11127 0.10116
0.11189 0.10117
0.11251 0.10118
0.11311 0.10120
0.11370 0.10121
0.11428 0.10122
0.11485 0.10123
0.11540 0.10125
0.11595 0.10126
0.11648 0.10127
0.11699 0.10129
0.11749 0.10130
0.11797 0.10132
0.11844 0.10133
0.11890 0.10135
0.11933 0.10137
0.11975 0.10138
0.12015 0.10140
0.12053 0.10142
0.12090 0.10144
0.12124 0.10146
0.12157 0.10147
0.12187 0.10149
0.12216 0.10151
0.12243 0.10153
0.12267 0.10155
0.12290 0.10157
0.12311 0.10159
0.12329 0.10161
0.12345 0.10163
0.12359 0.10165
0.12371 0.10167
0.12382 0.10169
0.12389 0.10171
0.12394 0.10173
0.12398 0.10175
0.12399 0.10177
0.12398 0.10179
0.12395 0.10181
0.12389 0.10183
0.12381 0.10185
0.12371 0.10187
0.12359 0.10189
0.12345 0.10191
0.12329 0.10193
0.12310 0.10195
0.12290 0.10197
0.12267 0.10199
0.12242 0.10200
0.12215 0.10202
0.12186 0.10204
0.12155 0.10206
0.12122 0.10208
0.12087 0.10209
0.12050 0.10211
0.12012 0.10212
0.11971 0.10214
0.11929 0.10216
0.11885 0.10217
0.11839 0.10219
0.11792 0.10220
0.11742 0.10221
0.11692 0.10223
0.11640 0.10224
0.11586 0.10225
0.11531 0.10226
0.11474 0.10227
0.11417 0.10228
0.11357 0.10229
0.11297 0.10230
0.11235 0.10231
0.11173 0.10232
0.11110 0.10233
0.11045 0.10234
0.10979 0.10234
0.10913 0.10235
0.10845 0.10235
0.10778 0.10236
0.10711 0.10236
0.10640 0.10237
0.10571 0.10237
0.10501 0.10237
0.10431 0.10237
0.10360 0.10237
0.10291 0.10237
0.10219 0.10237
0.10147 0.10237
0.10076 0.10237
0.10004 0.10237
0.09933 0.10237
0.09861 0.10236
0.09793 0.10236
0.09722 0.10236
0.09650 0.10235
0.09583 0.10234
0.09513 0.10234
0.09445 0.10233
0.09378 0.10232
0.09311 0.10232
0.09244 0.10231
0.09179 0.10230
0.09115 0.10229
0.09052 0.10228
0.08989 0.10227
0.08928 0.10226
0.08868 0.10225
0.08809 0.10223
0.08752 0.10222
0.08695 0.10221
0.08641 0.10219
0.08588 0.10218
0.08536 0.10217
0.08485 0.10215
0.08436 0.10214
0.08390 0.10212
0.08344 0.10211
0.08301 0.10209
0.08259 0.10207
0.08219 0.10206
0.08181 0.10204
0.08145 0.10202
0.08111 0.10200
0.08079 0.10199
0.08048 0.10197
0.08020 0.10195
0.07994 0.10193
0.07970 0.10191
0.07948 0.10189
0.07929 0.10187
0.07911 0.10186
0.07896 0.10184
0.07882 0.10182
0.07872 0.10180
0.07863 0.10178
0.07856 0.10176
0.07852 0.10174
0.07850 0.10172
0.07850 0.10170
0.07853 0.10168
0.07857 0.10166
0.07864 0.10164
0.07874 0.10162
0.07885 0.10161
0.07899 0.10159
0.07915 0.10157
0.07932 0.10155
0.07953 0.10153
0.07975 0.10151
0.08000 0.10150
0.08026 0.10148
0.08055 0.10146
0.08086 0.10144
0.08119 0.10143
0.08153 0.10141
0.08190 0.10139
0.08229 0.10138
0.08269 0.10136
0.08312 0.10135
0.08356 0.10133
0.08402 0.10132
0.08450 0.10131
0.08499 0.10129
0.08550 0.10128
0.08603 0.10127
0.08657 0.10126
0.08713 0.10124
0.08770 0.10123
0.08829 0.10122
0.08888 0.10121
0.08949 0.10120
0.09012 0.10119
0.09075 0.10119
0.09140 0.10118
0.09205 0.10117
0.09272 0.10116
0.09339 0.10116
0.09407 0.10115
0.09475 0.10115
0.09545 0.10114
0.09616 0.10114
0.09686 0.10113
0.09758 0.10113
0.09829 0.10113
0.09901 0.10113
0.09973 0.10113
0.10048 0.10113
0.10120 0.10113
0.10191 0.10113
0.10263 0.10113
0.10334 0.10113
0.10406 0.10113
0.10481 0.10113
0.10553 0.10114
0.10624 0.10114
0.10695 0.10115
0.10767 0.10115
0.10837 0.10116
0.10905 0.10116
0.10975 0.10117
0.11043 0.10118
0.11111 0.10119
0.11177 0.10119
0.11242 0.10120
0.11307 0.10121
0.11371 0.10122
0.11432 0.10123
0.11493 0.10124
0.11553 0.10125
0.11612 0.10127
0.11668 0.10128
0.11725 0.10129
0.11779 0.10130
0.11832 0.10132
0.11882 0.10133
0.11932 0.10135
0.11979 0.10136
0.12025 0.10137
0.12070 0.10139
0.12112 0.10141
0.12152 0.10142
0.12191 0.10144
0.12228 0.10145
0.12262 0.10147
0.12295 0.10149
0.12326 0.10150
0.12354 0.10152
0.12381 0.10154
0.12405 0.10155
0.12427 0.10157
0.12447 0.10159
0.12465 0.10161
0.12481 0.10163
0.12494 0.10164
0.12506 0.10166
0.12514 0.10168
0.12521 0.10170
0.12526 0.10172
0.12528 0.10173
0.12527 0.10175
0.12525 0.10177
0.12521 0.10179
0.12513 0.10181
0.12505 0.10182
0.12493 0.10184
0.12480 0.10186
0.12464 0.10188
0.12446 0.10189
0.12426 0.10191
0.12403 0.10193
0.12379 0.10194
0.12352 0.10196
0.12324 0.10198
0.12293 0.10199
0.12260 0.10201
0.12225 0.10202
0.12188 0.10204
0.12150 0.10205
0.12109 0.10207
0.12067 0.10208
0.12023 0.10210
0.11977 0.10211
0.11929 0.10212
0.11880 0.10213
0.11828 0.10215
0.11776 0.10216
0.11721 0.10217
0.11666 0.10218
0.11608 0.10219
0.11550 0.10220
0.11491 0.10221
0.11430 0.10222
0.11367 0.10223
0.11304 0.10224
0.11240 0.10224
0.11174 0.10225
0.11108 0.10226
0.11041 0.10226
0.10974 0.10227
0.10905 0.10227
0.10834 0.10228
0.10765 0.10228
0.10694 0.10229
0.10623 0.10229
0.10552 0.10229
0.10480 0.10229
0.10407 0.10230
0.10335 0.10230
0.10264 0.10230
0.10192 0.10230
0.10121 0.10230
0.10049 0.10229
0.09975 0.10229
0.09904 0.10229
0.09832 0.10229
0.09761 0.10228
0.09689 0.10228
0.09619 0.10227
0.09550 0.10227
0.09480 0.10226
0.09412 0.10226
0.09344 0.10225
0.09277 0.10224
0.09211 0.10224
0.09146 0.10223
0.09082 0.10222
0.09019 0.10221
0.08958 0.10220
0.08897 0.10219
0.08838 0.10218
0.08781 0.10217
0.08723 0.10216
0.08669 0.10215
0.08615 0.10214
0.08563 0.10213
0.08512 0.10211
0.08463 0.10210
0.08416 0.10209
0.08371 0.10208
0.08327 0.10206
0.08285 0.10205
0.08245 0.10203
0.08207 0.10202
0.08170 0.10201
0.08136 0.10199
0.08104 0.10198
0.08074 0.10196
0.08046 0.10194
0.08020 0.10193
0.07996 0.10191
0.07974 0.10190
0.07954 0.10188
0.07937 0.10187
0.07921 0.10185
0.07908 0.10183
0.07898 0.10182
0.07889 0.10180
0.07882 0.10178
0.07878 0.10177
0.07876 0.10175
0.07876 0.10173
0.07879 0.10172
0.07883 0.10170
0.07890 0.10169
0.07900 0.10167
0.07911 0.10165
0.07924 0.10164
0.07940 0.10162
0.07958 0.10161
0.07978 0.10159
0.08000 0.10158
0.08024 0.10156
0.08051 0.10155
0.08079 0.10153
0.08110 0.10152
0.08142 0.10150
0.08176 0.10149
0.08213 0.10147
0.08251 0.10146
0.08291 0.10145
0.08333 0.10144
0.08376 0.10142
0.08421 0.10141
0.08468 0.10140
0.08517 0.10139
0.08568 0.10138
0.08619 0.10137
0.08672 0.10136
0.08727 0.10135
0.08783 0.10134
0.08841 0.10133
0.08899 0.10132
0.08959 0.10131
0.09019 0.10130
0.09081 0.10130
0.09144 0.10129
0.09208 0.10128
0.09273 0.10128
0.09339 0.10127
0.09405 0.10127
0.09473 0.10126
0.09540 0.10126
0.09609 0.10125
0.09678 0.10125
0.09749 0.10125
0.09815 0.10125
0.09886 0.10124
0.09958 0.10124
0.10029 0.10124
0.10101 0.10124
0.10172 0.10124
0.10244 0.10124
0.10314 0.10124
0.10382 0.10125
0.10454 0.10125
0.10521 0.10125
0.10592 0.10125
0.10659 0.10126
0.10728 0.10126
0.10796 0.10127
0.10863 0.10127
0.10929 0.10128
0.10994 0.10128
0.11058 0.10129
0.11121 0.10130
0.11184 0.10130
0.11246 0.10131
0.11306 0.10132
0.11366 0.10133
0.11423 0.10134
0.11480 0.10135
0.11535 0.10136
0.11589 0.10137
0.11642 0.10138
0.11693 0.10139
0.11743 0.10140
0.11790 0.10141
0.11836 0.10142
0.11881 0.10143
0.11924 0.10144
0.11965 0.10146
0.12005 0.10147
0.12042 0.10148
0.12078 0.10149
0.12111 0.10151
0.12143 0.10152
0.12173 0.10153
0.12200 0.10155
0.12226 0.10156
0.12249 0.10158
0.12271 0.10159
0.12290 0.10160
0.12308 0.10162
0.12323 0.10163
0.12336 0.10165
0.12347 0.10166
0.12355 0.10168
0.12362 0.10169
0.12367 0.10171
0.12368 0.10172
0.12369 0.10173
0.12367 0.10175
0.12362 0.10176
0.12355 0.10178
0.12347 0.10179
0.12336 0.10181
0.12323 0.10182
0.12308 0.10184
0.12290 0.10185
0.12271 0.10186
0.12249 0.10188
0.12226 0.10189
0.12200 0.10190
0.12173 0.10192
0.12143 0.10193
0.12111 0.10194
0.12078 0.10195
0.12043 0.10197
0.12006 0.10198
0.11967 0.10199
0.11926 0.10200
0.11884 0.10201
0.11839 0.10202
0.11794 0.10203
0.11747 0.10204
0.11697 0.10205
0.11648 0.10206
0.11595 0.10207
0.11542 0.10208
0.11488 0.10209
0.11431 0.10210
0.11375 0.10210
0.11317 0.10211
0.11257 0.10212
0.11197 0.10213
0.11136 0.10213
0.11074 0.10214
0.11010 0.10214
0.10945 0.10215
0.10881 0.10215
0.10816 0.10215
0.10749 0.10216
0.10683 0.10216
0.10615 0.10216
0.10548 0.10217
0.10483 0.10217
0.10412 0.10217
0.10341 0.10217
0.10269 0.10217
0.10198 0.10217
0.10126 0.10217
0.10055 0.10217
0.09984 0.10217
0.09918 0.10216
0.09851 0.10216
0.09782 0.10216
0.09716 0.10216
0.09649 0.10215
0.09583 0.10215
0.09518 0.10214
0.09453 0.10214
0.09389 0.10213
0.09326 0.10213
0.09264 0.10212
0.09202 0.10212
0.09142 0.10211
0.09083 0.10210
0.09025 0.10209
0.08968 0.10209
0.08912 0.10208
0.08857 0.10207
0.08804 0.10206
0.08753 0.10205
0.08702 0.10204
0.08653 0.10203
0.08606 0.10202
0.08560 0.10201
0.08516 0.10200
0.08474 0.10199
0.08433 0.10198
0.08394 0.10197
0.08357 0.10196
0.08322 0.10194
0.08288 0.10193
0.08257 0.10192
0.08227 0.10191
0.08200 0.10190
0.08174 0.10188
0.08150 0.10187
0.08129 0.10186
0.08109 0.10184
0.08092 0.10183
0.08076 0.10182
0.08063 0.10180
0.08052 0.10179
0.08043 0.10178
0.08037 0.10176
0.08032 0.10175
0.08029 0.10174
0.08029 0.10172
0.08031 0.10171
0.08035 0.10170
0.08041 0.10168
0.08049 0.10167
0.08060 0.10166
0.08073 0.10164
0.08087 0.10163
0.08104 0.10162
0.08123 0.10161
0.08144 0.10159
0.08167 0.10158
0.08192 0.10157
0.08219 0.10156
0.08248 0.10155
0.08279 0.10153
0.08312 0.10152
0.08347 0.10151
0.08383 0.10150
0.08421 0.10149
0.08462 0.10148
0.08504 0.10147
0.08547 0.10146
0.08592 0.10145
0.08639 0.10144
0.08687 0.10143
0.08737 0.10142
0.08789 0.10141
0.08842 0.10141
0.08896 0.10140
0.08951 0.10139
0.09008 0.10138
0.09066 0.10138
0.09124 0.10137
0.09184 0.10137
0.09245 0.10136
0.09307 0.10136
0.09370 0.10135
0.09434 0.10135
0.09499 0.10134
0.09563 0.10134
0.09629 0.10134
0.09695 0.10133
0.09762 0.10133
0.09829 0.10133
0.09898 0.10133
0.09963 0.10133
0.10033 0.10133
0.10105 0.10133
0.10176 0.10133
0.10248 0.10133
0.10319 0.10133
0.10391 0.10133
0.10462 0.10133
0.10528 0.10133
0.10594 0.10134
0.10663 0.10134
0.10728 0.10134
0.10795 0.10135
0.10860 0.10135
0.10926 0.10136
0.10990 0.10136
0.11053 0.10137
0.11115 0.10137
0.11177 0.10138
0.11237 0.10139
0.11297 0.10139
0.11356 0.10140
0.11413 0.10141
0.11468 0.10142
0.11524 0.10142
0.11577 0.10143
0.11629 0.10144
0.11680 0.10145
0.11729 0.10146
0.11777 0.10147
0.11823 0.10148
0.11868 0.10149
0.11910 0.10150
0.11951 0.10151
0.11991 0.10152
0.12028 0.10153
0.12064 0.10154
0.12098 0.10156
0.12130 0.10157
0.12160 0.10158
0.12188 0.10159
0.12214 0.10160
0.12238 0.10162
0.12260 0.10163
0.12280 0.10164
0.12298 0.10165
0.12313 0.10167
0.12327 0.10168
0.12338 0.10169
0.12348 0.10171
0.12355 0.10172
0.12359 0.10173
0.12362 0.10174
0.12363 0.10176
0.12361 0.10177
0.12358 0.10178
0.12351 0.10180
0.12343 0.10181
0.12333 0.10182
0.12320 0.10183
0.12306 0.10185
0.12289 0.10186
0.12270 0.10187
0.12249 0.10188
0.12226 0.10189
0.12201 0.10191
0.12174 0.10192
0.12145 0.10193
0.12113 0.10194
0.12080 0.10195
0.12045 0.10196
0.12008 0.10197
0.11969 0.10198
0.11929 0.10199
0.11887 0.10200
0.11843 0.10201
0.11797 0.10202
0.11749 0.10203
0.11700 0.10204
0.11650 0.10205
0.11598 0.10205
0.11544 0.10206
0.11489 0.10207
0.11433 0.10208
0.11375 0.10208
0.11317 0.10209
0.11257 0.10210
0.11196 0.10210
0.11133 0.10211
0.11070 0.10211
0.11006 0.10212
0.10941 0.10212
0.10876 0.10212
0.10809 0.10213
0.10741 0.10213
0.10673 0.10213
0.10607 0.10214
0.10535 0.10214
0.10468 0.10214
0.10397 0.10214
0.10328 0.10214
0.10259 0.10214
0.10187 0.10214
0.10116 0.10214
0.10044 0.10214
0.09973 0.10214
0.09901 0.10214
0.09830 0.10213
0.09763 0.10213
0.09693 0.10213
0.09624 0.10213
0.09556 0.10212
0.09488 0.10212
0.09420 0.10211
0.09355 0.10211
0.09289 0.10210
0.09224 0.10210
0.09160 0.10209
0.09096 0.10209
0.09034 0.10208
0.08973 0.10207
0.08914 0.10206
0.08855 0.10206
0.08798 0.10205
0.08741 0.10204
0.08687 0.10203
0.08633 0.10202
0.08581 0.10201
0.08531 0.10200
0.08482 0.10199
0.08435 0.10199
0.08389 0.10197
0.08345 0.10196
0.08303 0.10195
0.08263 0.10194
0.08225 0.10193
0.08188 0.10192
0.08153 0.10191
0.08121 0.10190
0.08090 0.10189
0.08061 0.10187
0.08035 0.10186
0.08010 0.10185
0.07988 0.10184
0.07967 0.10183
0.07949 0.10181
0.07933 0.10180
0.07919 0.10179
0.07907 0.10177
0.07898 0.10176
0.07890 0.10175
0.07885 0.10174
0.07882 0.10172
0.07882 0.10171
0.07883 0.10170
0.07887 0.10169
0.07893 0.10167
0.07901 0.10166
0.07912 0.10165
0.07925 0.10164
0.07940 0.10162
0.07957 0.10161
0.07976 0.10160
0.07998 0.10159
0.08021 0.10158
0.08047 0.10156
0.08075 0.10155
0.08104 0.10154
0.08136 0.10153
0.08170 0.10152
0.08206 0.10151
0.08244 0.10150
0.08283 0.10149
0.08325 0.10148
0.08368 0.10147
0.08413 0.10146
0.08460 0.10145
0.08508 0.10144
0.08558 0.10143
0.08610 0.10142
0.08664 0.10142
0.08719 0.10141
0.08775 0.10140
0.08833 0.10139
0.08892 0.10139
0.08952 0.10138
0.09014 0.10137
0.09076 0.10137
0.09139 0.10136
0.09204 0.10136
0.09270 0.10135
0.09337 0.10135
0.09404 0.10134
0.09473 0.10134
0.09542 0.10134
0.09611 0.10133
0.09681 0.10133
0.09752 0.10133
0.09823 0.10133
0.09895 0.10133
0.09966 0.10133
0.10040 0.10133
0.10112 0.10133
0.10183 0.10133
0.10255 0.10133
0.10326 0.10133
0.10398 0.10133
0.10469 0.10133
0.10542 0.10133
0.10614 0.10134
0.10684 0.10134
0.10755 0.10134
0.10824 0.10135
0.10896 0.10135
0.10964 0.10135
0.11031 0.10136
0.11099 0.10136
0.11165 0.10137
0.11231 0.10138
0.11296 0.10138
0.11359 0.10139
0.11421 0.10139
0.11482 0.10140
0.11542 0.10141
0.11601 0.10142
0.11657 0.10143
0.11714 0.10143
0.11768 0.10144
0.11821 0.10145
0.11872 0.10146
0.11921 0.10147
0.11969 0.10148
0.12016 0.10149
0.12060 0.10150
0.12103 0.10151
0.12144 0.10152
0.12183 0.10153
0.12220 0.10154
0.12255 0.10155
0.12288 0.10157
0.12319 0.10158
0.12348 0.10159
0.12375 0.10160
0.12399 0.10161
0.12422 0.10162
0.12443 0.10164
0.12461 0.10165
0.12477 0.10166
0.12491 0.10167
0.12503 0.10168
0.12512 0.10170
0.12519 0.10171
0.12524 0.10172
0.12527 0.10173
0.12527 0.10175
0.12525 0.10176
0.12521 0.10177
0.12515 0.10178
0.12506 0.10180
0.12495 0.10181
0.12482 0.10182
0.12467 0.10183
0.12450 0.10184
0.12429 0.10186
0.12408 0.10187
0.12384 0.10188
0.12358 0.10189
0.12329 0.10190
0.12299 0.10191
0.12267 0.10192
0.12232 0.10193
0.12196 0.10194
0.12158 0.10195
0.12117 0.10196
0.12075 0.10197
0.12031 0.10198
0.11985 0.10199
0.11938 0.10200
0.11889 0.10201
0.11838 0.10202
0.11785 0.10203
0.11731 0.10204
0.11676 0.10204
0.11619 0.10205
0.11561 0.10206
0.11501 0.10206
0.11440 0.10207
0.11378 0.10208
0.11315 0.10208
0.11251 0.10209
0.11185 0.10209
0.11119 0.10210
0.11051 0.10210
0.10983 0.10211
0.10914 0.10211
0.10846 0.10211
0.10774 0.10212
0.10704 0.10212
0.10633 0.10212
0.10561 0.10212
0.10490 0.10212
0.10415 0.10212
0.10343 0.10212
0.10271 0.10213
0.10200 0.10213
0.10128 0.10212
0.10057 0.10212
0.09984 0.10212
0.09909 0.10212
0.09838 0.10212
0.09766 0.10212
0.09695 0.10211
0.09624 0.10211
0.09553 0.10211
0.09483 0.10210
0.09415 0.10210
0.09346 0.10210
0.09279 0.10209
0.09212 0.10209
0.09146 0.10208
0.09081 0.10207
0.09018 0.10207
0.08955 0.10206
0.08894 0.10206
0.08834 0.10205
0.08775 0.10204
0.08717 0.10203
0.08662 0.10203
0.08607 0.10202
0.08554 0.10201
0.08503 0.10200
0.08453 0.10199
0.08405 0.10198
0.08359 0.10197
0.08314 0.10196
0.08271 0.10195
0.08230 0.10194
0.08191 0.10193
0.08154 0.10192
0.08119 0.10191
0.08086 0.10190
0.08055 0.10189
0.08025 0.10188
0.07998 0.10187
0.07974 0.10186
0.07951 0.10185
0.07930 0.10184
0.07912 0.10183
0.07896 0.10181
0.07882 0.10180
0.07870 0.10179
0.07860 0.10178
0.07853 0.10177
