QEq 0.06843
0.00002 0.00002
0.00008 0.00005
0.00017 0.00009
0.00030 0.00014
0.00047 0.00021
0.00068 0.00029
0.00093 0.00038
0.00121 0.00048
0.00153 0.00060
0.00189 0.00073
0.00228 0.00087
0.00271 0.00102
0.00317 0.00119
0.00368 0.00136
0.00421 0.00155
0.00479 0.00176
0.00539 0.00197
0.00603 0.00220
0.00671 0.00243
0.00742 0.00268
0.00816 0.00294
0.00894 0.00322
0.00974 0.00350
0.01058 0.00380
0.01145 0.00410
0.01235 0.00442
0.01328 0.00475
0.01424 0.00509
0.01523 0.00544
0.01624 0.00580
0.01729 0.00617
0.01836 0.00655
0.01946 0.00694
0.02058 0.00734
0.02172 0.00775
0.02289 0.00817
0.02409 0.00860
0.02530 0.00904
0.02654 0.00949
0.02780 0.00995
0.02908 0.01041
0.03038 0.01089
0.03170 0.01137
0.03303 0.01187
0.03438 0.01237
0.03575 0.01287
0.03714 0.01339
0.03853 0.01391
0.03995 0.01445
0.04137 0.01498
0.04280 0.01553
0.04423 0.01608
0.04566 0.01664
0.04713 0.01720
0.04860 0.01777
0.05008 0.01835
0.05157 0.01893
0.05307 0.01952
0.05457 0.02012
0.05608 0.02072
0.05758 0.02132
0.05909 0.02193
0.06060 0.02254
0.06212 0.02316
0.06363 0.02379
0.06514 0.02441
0.06665 0.02504
0.06816 0.02568
0.06967 0.02631
0.07117 0.02695
0.07266 0.02760
0.07415 0.02825
0.07564 0.02889
0.07712 0.02955
0.07858 0.03020
0.08004 0.03086
0.08149 0.03151
0.08293 0.03217
0.08437 0.03283
0.08578 0.03350
0.08719 0.03416
0.08858 0.03482
0.08996 0.03549
0.09132 0.03615
0.09268 0.03682
0.09401 0.03748
0.09533 0.03815
0.09664 0.03881
0.09792 0.03947
0.09920 0.04014
0.10045 0.04080
0.10168 0.04146
0.10289 0.04212
0.10409 0.04278
0.10527 0.04344
0.10642 0.04410
0.10756 0.04475
0.10867 0.04540
0.10977 0.04605
0.11084 0.04670
0.11189 0.04735
0.11292 0.04799
0.11393 0.04863
0.11491 0.04927
0.11587 0.04990
0.11681 0.05053
0.11773 0.05116
0.11862 0.05178
0.11949 0.05241
0.12034 0.05302
0.12116 0.05364
0.12196 0.05425
0.12274 0.05485
0.12349 0.05546
0.12422 0.05605
0.12492 0.05665
0.12561 0.05724
0.12626 0.05782
0.12690 0.05840
0.12752 0.05898
0.12811 0.05955
0.12867 0.06012
0.12922 0.06068
0.12974 0.06123
0.13024 0.06179
0.13072 0.06233
0.13118 0.06288
0.13161 0.06341
0.13202 0.06394
0.13242 0.06447
0.13279 0.06499
0.13314 0.06551
0.13347 0.06602
0.13378 0.06653
0.13408 0.06703
0.13435 0.06752
0.13461 0.06801
0.13484 0.06850
0.13507 0.06897
0.13527 0.06945
0.13545 0.06992
0.13563 0.07038
0.13578 0.07084
0.13592 0.07129
0.13604 0.07173
0.13615 0.07218
0.13624 0.07261
0.13633 0.07304
0.13640 0.07347
0.13645 0.07389
0.13650 0.07430
0.13653 0.07471
0.13657 0.07512
0.13658 0.07551
0.13658 0.07591
0.13656 0.07630
0.13656 0.07668
0.13654 0.07706
0.13651 0.07743
0.13648 0.07780
0.13643 0.07817
0.13638 0.07853
0.13633 0.07888
0.13627 0.07923
0.13621 0.07958
0.13614 0.07992
0.13607 0.08025
0.13600 0.08059
0.13592 0.08091
0.13585 0.08124
0.13577 0.08155
0.13569 0.08187
0.13562 0.08218
0.13554 0.08249
0.13546 0.08279
0.13539 0.08309
0.13531 0.08338
0.13524 0.08367
0.13517 0.08396
0.13511 0.08425
0.13504 0.08453
0.13499 0.08480
0.13493 0.08508
0.13488 0.08535
0.13484 0.08562
0.13480 0.08588
0.13476 0.08614
0.13473 0.08640
0.13471 0.08666
0.13470 0.08691
0.13469 0.08716
0.13468 0.08741
0.13469 0.08765
0.13470 0.08789
0.13472 0.08813
0.13475 0.08837
0.13479 0.08861
0.13483 0.08884
0.13488 0.08907
0.13494 0.08930
0.13501 0.08953
0.13509 0.08976
0.13517 0.08998
0.13527 0.09020
0.13537 0.09042
0.13548 0.09064
0.13560 0.09086
0.13573 0.09107
0.13586 0.09129
0.13601 0.09150
0.13616 0.09171
0.13632 0.09192
0.13649 0.09213
0.13667 0.09234
0.13686 0.09255
0.13705 0.09275
0.13725 0.09296
0.13745 0.09316
0.13767 0.09337
0.13789 0.09357
0.13811 0.09377
0.13835 0.09397
0.13859 0.09417
0.13883 0.09437
0.13908 0.09457
0.13933 0.09477
0.13959 0.09496
0.13985 0.09516
0.14012 0.09536
0.14039 0.09555
0.14066 0.09575
0.14093 0.09594
0.14121 0.09614
0.14148 0.09633
0.14176 0.09652
0.14204 0.09672
0.14232 0.09691
0.14260 0.09710
0.14287 0.09729
0.14315 0.09748
0.14342 0.09767
0.14369 0.09786
0.14396 0.09805
0.14423 0.09824
0.14449 0.09843
0.14474 0.09862
0.14499 0.09881
0.14523 0.09900
0.14547 0.09918
0.14570 0.09937
0.14592 0.09955
0.14614 0.09974
0.14634 0.09992
0.14654 0.10011
0.14673 0.10029
0.14691 0.10047
0.14708 0.10065
0.14726 0.10083
0.14741 0.10101
0.14753 0.10119
0.14764 0.10137
0.14775 0.10155
0.14783 0.10172
0.14790 0.10190
0.14796 0.10207
0.14799 0.10224
0.14801 0.10242
0.14802 0.10259
0.14801 0.10275
0.14797 0.10292
0.14792 0.10309
0.14786 0.10325
0.14776 0.10342
0.14766 0.10358
0.14752 0.10374
0.14737 0.10390
0.14720 0.10405
0.14700 0.10421
0.14678 0.10436
0.14655 0.10451
0.14628 0.10466
0.14600 0.10480
0.14568 0.10495
0.14535 0.10509
0.14499 0.10523
0.14460 0.10537
0.14419 0.10550
0.14376 0.10564
0.14330 0.10577
0.14281 0.10590
0.14230 0.10602
0.14177 0.10614
0.14120 0.10626
0.14061 0.10638
0.13999 0.10649
0.13935 0.10660
0.13868 0.10671
0.13798 0.10682
0.13726 0.10692
0.13651 0.10702
0.13574 0.10711
0.13493 0.10721
0.13410 0.10729
0.13324 0.10738
0.13236 0.10746
0.13145 0.10754
0.13052 0.10761
0.12956 0.10769
0.12857 0.10775
0.12756 0.10782
0.12652 0.10788
0.12546 0.10793
0.12437 0.10799
0.12326 0.10803
0.12212 0.10808
0.12096 0.10812
0.11978 0.10816
0.11857 0.10819
0.11734 0.10822
0.11609 0.10824
0.11482 0.10826
0.11352 0.10828
0.11221 0.10829
0.11087 0.10830
0.10952 0.10830
0.10814 0.10830
0.10675 0.10830
0.10534 0.10829
0.10391 0.10828
0.10246 0.10826
0.10100 0.10824
0.09952 0.10821
0.09803 0.10818
0.09652 0.10814
0.09500 0.10811
0.09347 0.10806
0.09192 0.10801
0.09037 0.10796
0.08880 0.10791
0.08722 0.10784
0.08564 0.10778
0.08405 0.10771
0.08245 0.10764
0.08084 0.10756
0.07922 0.10748
0.07760 0.10739
0.07598 0.10730
0.07436 0.10720
0.07273 0.10711
0.07110 0.10700
0.06947 0.10690
0.06784 0.10679
0.06621 0.10667
0.06459 0.10655
0.06296 0.10643
0.06135 0.10630
0.05973 0.10617
0.05812 0.10604
0.05652 0.10590
0.05497 0.10576
0.05342 0.10561
0.05184 0.10546
0.05028 0.10531
0.04872 0.10516
0.04717 0.10500
0.04564 0.10484
0.04412 0.10467
0.04261 0.10450
0.04112 0.10433
0.03965 0.10416
0.03819 0.10398
0.03675 0.10380
0.03533 0.10361
0.03393 0.10343
0.03255 0.10324
0.03119 0.10305
0.02985 0.10285
0.02854 0.10266
0.02725 0.10246
0.02598 0.10226
0.02473 0.10205
0.02352 0.10185
0.02232 0.10164
0.02116 0.10143
0.02002 0.10122
0.01891 0.10100
0.01783 0.10079
0.01678 0.10057
0.01576 0.10035
0.01476 0.10014
0.01380 0.09991
0.01288 0.09969
0.01198 0.09947
0.01112 0.09925
0.01029 0.09902
0.00949 0.09879
0.00872 0.09857
0.00800 0.09834
0.00730 0.09811
0.00664 0.09788
0.00602 0.09765
0.00543 0.09742
0.00488 0.09719
0.00436 0.09696
0.00388 0.09673
0.00344 0.09651
0.00304 0.09628
0.00267 0.09605
0.00234 0.09582
0.00204 0.09559
0.00179 0.09536
0.00157 0.09513
0.00139 0.09491
0.00124 0.09468
0.00114 0.09445
0.00107 0.09423
0.00104 0.09401
0.00104 0.09378
0.00109 0.09356
0.00117 0.09334
0.00129 0.09312
0.00144 0.09291
0.00163 0.09269
0.00186 0.09248
0.00213 0.09226
0.00243 0.09205
0.00276 0.09184
0.00313 0.09164
0.00354 0.09143
0.00398 0.09123
0.00445 0.09103
0.00496 0.09083
0.00551 0.09063
0.00608 0.09044
0.00669 0.09024
0.00733 0.09005
0.00800 0.08986
0.00870 0.08968
0.00943 0.08950
0.01020 0.08932
0.01099 0.08914
0.01181 0.08896
0.01266 0.08879
0.01353 0.08862
0.01444 0.08846
0.01537 0.08829
0.01632 0.08813
0.01730 0.08797
0.01830 0.08782
0.01933 0.08767
0.02038 0.08752
0.02145 0.08737
0.02255 0.08723
0.02366 0.08709
0.02479 0.08695
0.02594 0.08682
0.02711 0.08669
0.02830 0.08656
0.02951 0.08643
0.03073 0.08631
0.03195 0.08619
0.03320 0.08608
0.03446 0.08597
0.03571 0.08586
0.03700 0.08575
0.03829 0.08565
0.03960 0.08555
0.04092 0.08546
0.04224 0.08537
0.04358 0.08528
0.04491 0.08519
0.04626 0.08511
0.04761 0.08503
0.04896 0.08495
0.05032 0.08488
0.05168 0.08481
0.05305 0.08475
0.05441 0.08468
0.05578 0.08462
0.05714 0.08456
0.05850 0.08451
0.05986 0.08446
0.06122 0.08441
0.06258 0.08437
0.06393 0.08432
0.06527 0.08428
0.06661 0.08425
0.06794 0.08421
0.06927 0.08418
0.07059 0.08416
0.07190 0.08413
0.07320 0.08411
0.07450 0.08409
0.07577 0.08407
0.07704 0.08406
0.07831 0.08405
0.07955 0.08404
0.08078 0.08403
0.08201 0.08403
0.08322 0.08403
0.08441 0.08403
0.08559 0.08403
0.08675 0.08403
0.08790 0.08404
0.08903 0.08405
0.09015 0.08406
0.09125 0.08408
0.09233 0.08409
0.09340 0.08411
0.09445 0.08413
0.09548 0.08416
0.09649 0.08418
0.09748 0.08421
0.09846 0.08423
0.09941 0.08426
0.10035 0.08429
0.10127 0.08433
0.10216 0.08436
0.10304 0.08440
0.10389 0.08443
0.10473 0.08447
0.10555 0.08451
0.10635 0.08456
0.10712 0.08460
0.10788 0.08464
0.10862 0.08469
0.10933 0.08474
0.11003 0.08478
0.11071 0.08483
0.11136 0.08488
0.11200 0.08493
0.11262 0.08499
0.11322 0.08504
0.11379 0.08509
0.11435 0.08515
0.11489 0.08520
0.11541 0.08526
0.11592 0.08532
0.11641 0.08537
0.11687 0.08543
0.11732 0.08549
0.11775 0.08555
0.11816 0.08561
0.11857 0.08567
0.11895 0.08573
0.11931 0.08579
0.11966 0.08586
0.11999 0.08592
0.12031 0.08598
0.12061 0.08604
0.12090 0.08611
0.12118 0.08617
0.12144 0.08623
0.12169 0.08630
0.12193 0.08636
0.12216 0.08643
0.12237 0.08649
0.12257 0.08656
0.12276 0.08662
0.12295 0.08669
0.12312 0.08675
0.12328 0.08682
0.12343 0.08688
0.12360 0.08695
0.12372 0.08701
0.12383 0.08708
0.12395 0.08714
0.12407 0.08721
0.12419 0.08727
0.12430 0.08734
0.12440 0.08740
0.12451 0.08747
0.12460 0.08753
0.12470 0.08760
0.12479 0.08766
0.12488 0.08772
0.12497 0.08779
0.12506 0.08785
0.12514 0.08792
0.12523 0.08798
0.12532 0.08805
0.12541 0.08811
0.12550 0.08817
0.12559 0.08824
0.12569 0.08830
0.12578 0.08837
0.12589 0.08843
0.12599 0.08849
0.12610 0.08856
0.12621 0.08862
0.12633 0.08869
0.12645 0.08875
0.12658 0.08881
0.12672 0.08888
0.12686 0.08894
0.12700 0.08901
0.12716 0.08907
0.12732 0.08913
0.12749 0.08920
0.12766 0.08926
0.12785 0.08933
0.12804 0.08939
0.12824 0.08945
0.12845 0.08952
0.12867 0.08958
0.12889 0.08965
0.12913 0.08971
0.12937 0.08978
0.12963 0.08984
0.12989 0.08991
0.13016 0.08998
0.13044 0.09004
0.13074 0.09011
0.13104 0.09017
0.13135 0.09024
0.13166 0.09031
0.13199 0.09038
0.13233 0.09044
0.13268 0.09051
0.13304 0.09058
0.13340 0.09065
0.13377 0.09072
0.13416 0.09079
0.13455 0.09086
0.13495 0.09093
0.13536 0.09100
0.13577 0.09107
0.13620 0.09114
0.13663 0.09122
0.13706 0.09129
0.13751 0.09136
0.13796 0.09144
0.13842 0.09151
0.13888 0.09158
0.13935 0.09166
0.13982 0.09174
0.14030 0.09181
0.14078 0.09189
0.14127 0.09197
0.14176 0.09204
0.14225 0.09212
0.14275 0.09220
0.14324 0.09228
0.14374 0.09236
0.14424 0.09244
0.14474 0.09252
0.14524 0.09260
0.14574 0.09269
0.14624 0.09277
0.14674 0.09285
0.14723 0.09293
0.14772 0.09302
0.14821 0.09310
0.14870 0.09319
0.14918 0.09327
0.14965 0.09336
0.15012 0.09345
0.15059 0.09353
0.15104 0.09362
0.15149 0.09371
0.15193 0.09380
0.15236 0.09388
0.15279 0.09397
0.15319 0.09406
0.15360 0.09415
0.15398 0.09424
0.15436 0.09433
0.15472 0.09442
0.15508 0.09451
0.15544 0.09460
0.15576 0.09469
0.15607 0.09479
0.15636 0.09488
0.15664 0.09497
0.15690 0.09506
0.15714 0.09515
0.15736 0.09524
0.15757 0.09534
0.15776 0.09543
0.15792 0.09552
0.15807 0.09561
0.15819 0.09570
0.15830 0.09580
0.15839 0.09589
0.15844 0.09598
0.15848 0.09607
0.15849 0.09616
0.15848 0.09625
0.15845 0.09634
0.15839 0.09643
0.15831 0.09652
0.15820 0.09661
0.15806 0.09670
0.15790 0.09679
0.15771 0.09687
0.15749 0.09696
0.15725 0.09705
0.15698 0.09713
0.15668 0.09722
0.15635 0.09730
0.15600 0.09739
0.15562 0.09747
0.15520 0.09755
0.15476 0.09763
0.15429 0.09771
0.15379 0.09779
0.15326 0.09787
0.15270 0.09795
0.15211 0.09803
0.15149 0.09810
0.15085 0.09818
0.15017 0.09825
0.14946 0.09832
0.14872 0.09839
0.14795 0.09846
0.14716 0.09853
0.14633 0.09859
0.14548 0.09866
0.14459 0.09872
0.14368 0.09879
0.14273 0.09885
0.14176 0.09891
0.14077 0.09896
0.13974 0.09902
0.13868 0.09908
0.13760 0.09913
0.13649 0.09918
0.13535 0.09923
0.13418 0.09928
0.13300 0.09932
0.13178 0.09937
0.13054 0.09941
0.12927 0.09945
0.12798 0.09949
0.12667 0.09953
0.12533 0.09956
0.12397 0.09960
0.12259 0.09963
0.12119 0.09966
0.11976 0.09968
0.11832 0.09971
0.11685 0.09973
0.11537 0.09975
0.11387 0.09977
0.11235 0.09979
0.11081 0.09980
0.10926 0.09982
0.10769 0.09983
0.10610 0.09983
0.10451 0.09984
0.10290 0.09984
0.10127 0.09985
0.09964 0.09985
0.09799 0.09984
0.09633 0.09984
0.09467 0.09983
0.09299 0.09982
0.09131 0.09981
0.08962 0.09980
0.08793 0.09978
0.08623 0.09977
0.08453 0.09975
0.08282 0.09972
0.08111 0.09970
0.07940 0.09967
0.07769 0.09964
0.07599 0.09961
0.07428 0.09958
0.07258 0.09954
0.07085 0.09951
0.06918 0.09947
0.06751 0.09943
0.06583 0.09938
0.06414 0.09934
0.06247 0.09929
0.06080 0.09924
0.05915 0.09919
0.05750 0.09914
0.05587 0.09908
0.05425 0.09902
0.05264 0.09896
0.05104 0.09890
0.04946 0.09884
0.04790 0.09877
0.04635 0.09871
0.04482 0.09864
0.04331 0.09857
0.04181 0.09850
0.04034 0.09842
0.03888 0.09835
0.03745 0.09827
0.03604 0.09819
0.03466 0.09811
0.03329 0.09803
0.03195 0.09795
0.03064 0.09786
0.02935 0.09778
0.02809 0.09769
0.02685 0.09760
0.02565 0.09751
0.02447 0.09742
0.02332 0.09733
0.02219 0.09723
0.02110 0.09714
0.02004 0.09704
0.01901 0.09695
0.01802 0.09685
0.01705 0.09675
0.01612 0.09665
0.01522 0.09655
0.01435 0.09645
0.01351 0.09635
0.01272 0.09624
0.01195 0.09614
0.01122 0.09603
0.01052 0.09593
0.00986 0.09582
0.00924 0.09572
0.00865 0.09561
0.00810 0.09551
0.00758 0.09540
0.00710 0.09529
0.00666 0.09518
0.00625 0.09508
0.00588 0.09497
0.00554 0.09486
0.00524 0.09475
0.00498 0.09464
0.00476 0.09453
0.00457 0.09443
0.00442 0.09432
0.00430 0.09421
0.00422 0.09410
0.00418 0.09399
0.00417 0.09389
0.00420 0.09378
0.00427 0.09367
0.00437 0.09356
0.00450 0.09346
0.00467 0.09335
0.00488 0.09325
0.00511 0.09314
0.00539 0.09304
0.00569 0.09294
0.00603 0.09283
0.00640 0.09273
0.00680 0.09263
0.00724 0.09253
0.00770 0.09243
0.00820 0.09233
0.00873 0.09223
0.00929 0.09213
0.00987 0.09204
0.01049 0.09194
0.01113 0.09185
0.01180 0.09175
0.01250 0.09166
0.01322 0.09157
0.01397 0.09148
0.01475 0.09139
0.01555 0.09130
0.01637 0.09122
0.01721 0.09113
0.01808 0.09105
0.01897 0.09096
0.01988 0.09088
0.02081 0.09080
0.02176 0.09072
0.02273 0.09064
0.02372 0.09056
0.02472 0.09049
0.02574 0.09041
0.02678 0.09034
0.02785 0.09027
0.02893 0.09020
0.03001 0.09013
0.03109 0.09006
0.03220 0.09000
0.03332 0.08993
0.03444 0.08987
0.03557 0.08981
0.03671 0.08975
0.03786 0.08969
0.03902 0.08963
0.04018 0.08958
0.04135 0.08952
0.04253 0.08947
0.04371 0.08942
0.04489 0.08937
0.04607 0.08932
0.04726 0.08927
0.04845 0.08923
0.04963 0.08918
0.05082 0.08914
0.05200 0.08910
0.05319 0.08906
0.05437 0.08902
0.05554 0.08898
0.05672 0.08895
0.05789 0.08891
0.05905 0.08888
0.06022 0.08885
0.06137 0.08882
0.06252 0.08879
0.06365 0.08876
0.06478 0.08873
0.06590 0.08871
0.06702 0.08868
0.06812 0.08866
0.06921 0.08864
0.07029 0.08862
0.07136 0.08860
0.07242 0.08858
0.07347 0.08857
0.07450 0.08855
0.07553 0.08854
0.07653 0.08852
0.07753 0.08851
0.07851 0.08850
0.07947 0.08849
0.08042 0.08848
0.08136 0.08847
0.08228 0.08847
0.08319 0.08846
0.08408 0.08846
0.08495 0.08845
0.08581 0.08845
0.08665 0.08845
0.08747 0.08845
0.08828 0.08845
0.08908 0.08845
0.08985 0.08845
0.09061 0.08845
0.09135 0.08845
0.09207 0.08846
0.09278 0.08846
0.09347 0.08847
0.09415 0.08847
0.09480 0.08848
0.09544 0.08849
0.09607 0.08850
0.09667 0.08851
0.09726 0.08851
0.09784 0.08852
0.09840 0.08853
0.09894 0.08855
0.09947 0.08856
0.09998 0.08857
0.10047 0.08858
0.10095 0.08860
0.10142 0.08861
0.10187 0.08862
0.10231 0.08864
0.10273 0.08865
0.10314 0.08867
0.10354 0.08868
0.10392 0.08870
0.10429 0.08871
0.10465 0.08873
0.10499 0.08875
0.10533 0.08877
0.10565 0.08878
0.10596 0.08880
0.10627 0.08882
0.10656 0.08884
0.10685 0.08886
0.10712 0.08887
0.10739 0.08889
0.10765 0.08891
0.10790 0.08893
0.10814 0.08895
0.10838 0.08897
0.10861 0.08899
0.10884 0.08901
0.10905 0.08903
0.10929 0.08905
0.10949 0.08908
0.10969 0.08910
0.10992 0.08912
0.11012 0.08914
0.11032 0.08916
0.11051 0.08918
0.11071 0.08920
0.11091 0.08923
0.11110 0.08925
0.11130 0.08927
0.11150 0.08929
0.11170 0.08932
0.11190 0.08934
0.11211 0.08936
0.11231 0.08939
0.11252 0.08941
0.11274 0.08943
0.11295 0.08946
0.11318 0.08948
0.11340 0.08950
0.11364 0.08953
0.11387 0.08955
0.11412 0.08958
0.11437 0.08960
0.11463 0.08963
0.11489 0.08965
0.11516 0.08968
0.11544 0.08970
0.11573 0.08973
0.11603 0.08975
0.11633 0.08978
0.11665 0.08981
0.11697 0.08983
0.11731 0.08986
0.11765 0.08989
0.11800 0.08992
0.11836 0.08995
0.11874 0.08997
0.11912 0.09000
0.11952 0.09003
0.11992 0.09006
0.12034 0.09009
0.12077 0.09012
0.12120 0.09015
0.12165 0.09018
0.12211 0.09021
0.12258 0.09024
0.12307 0.09028
0.12356 0.09031
0.12407 0.09034
0.12458 0.09038
0.12511 0.09041
0.12565 0.09044
0.12619 0.09048
0.12675 0.09051
0.12732 0.09055
0.12790 0.09059
0.12849 0.09062
0.12909 0.09066
0.12970 0.09070
0.13031 0.09074
0.13094 0.09077
0.13158 0.09081
0.13222 0.09085
0.13287 0.09089
0.13353 0.09093
0.13420 0.09098
0.13487 0.09102
0.13555 0.09106
0.13624 0.09110
0.13693 0.09115
0.13763 0.09119
0.13834 0.09124
0.13904 0.09128
0.13976 0.09133
0.14047 0.09138
0.14119 0.09142
0.14191 0.09147
0.14263 0.09152
0.14336 0.09157
0.14408 0.09162
0.14481 0.09167
0.14553 0.09172
0.14626 0.09177
0.14698 0.09182
0.14770 0.09187
0.14842 0.09193
0.14913 0.09198
0.14984 0.09204
0.15055 0.09209
0.15125 0.09215
0.15194 0.09220
0.15263 0.09226
0.15331 0.09232
0.15398 0.09237
0.15465 0.09243
0.15531 0.09249
0.15595 0.09255
0.15658 0.09261
0.15721 0.09267
0.15782 0.09273
0.15841 0.09279
0.15900 0.09285
0.15960 0.09291
0.16018 0.09298
0.16072 0.09304
0.16125 0.09310
0.16176 0.09316
0.16224 0.09323
0.16272 0.09329
0.16317 0.09336
0.16361 0.09342
0.16403 0.09349
0.16442 0.09355
0.16480 0.09362
0.16515 0.09368
0.16548 0.09375
0.16579 0.09381
0.16607 0.09388
0.16634 0.09395
0.16657 0.09401
0.16679 0.09408
0.16697 0.09414
0.16713 0.09421
0.16727 0.09428
0.16737 0.09434
0.16745 0.09441
0.16750 0.09448
0.16753 0.09454
0.16752 0.09461
0.16749 0.09467
0.16742 0.09474
0.16733 0.09480
0.16721 0.09487
0.16706 0.09494
0.16687 0.09500
0.16665 0.09506
0.16641 0.09513
0.16613 0.09519
0.16582 0.09526
0.16548 0.09532
0.16511 0.09538
0.16470 0.09544
0.16426 0.09550
0.16379 0.09556
0.16329 0.09563
0.16276 0.09568
0.16219 0.09574
0.16159 0.09580
0.16096 0.09586
0.16030 0.09592
0.15960 0.09597
0.15887 0.09603
0.15811 0.09608
0.15732 0.09614
0.15649 0.09619
0.15564 0.09624
0.15475 0.09630
0.15383 0.09635
0.15288 0.09640
0.15190 0.09645
0.15089 0.09649
0.14985 0.09654
0.14878 0.09659
0.14768 0.09663
0.14655 0.09667
0.14539 0.09672
0.14421 0.09676
0.14300 0.09680
0.14176 0.09684
0.14049 0.09688
0.13920 0.09691
0.13788 0.09695
0.13653 0.09698
0.13517 0.09702
0.13378 0.09705
0.13236 0.09708
0.13092 0.09711
0.12947 0.09714
0.12799 0.09716
0.12648 0.09719
0.12496 0.09721
0.12342 0.09723
0.12186 0.09726
0.12029 0.09728
0.11869 0.09729
0.11709 0.09731
0.11546 0.09733
0.11382 0.09734
0.11217 0.09735
0.11050 0.09737
0.10883 0.09738
0.10714 0.09738
0.10544 0.09739
0.10373 0.09740
0.10201 0.09740
0.10029 0.09740
0.09856 0.09740
0.09682 0.09740
0.09508 0.09740
0.09333 0.09740
0.09159 0.09739
0.08983 0.09739
0.08808 0.09738
0.08633 0.09737
0.08457 0.09736
0.08278 0.09735
0.08102 0.09733
0.07929 0.09732
0.07754 0.09730
0.07580 0.09728
0.07407 0.09726
0.07235 0.09724
0.07064 0.09722
0.06893 0.09720
0.06723 0.09717
0.06555 0.09714
0.06387 0.09712
0.06221 0.09709
0.06056 0.09706
0.05892 0.09702
0.05730 0.09699
0.05570 0.09696
0.05411 0.09692
0.05254 0.09688
0.05099 0.09685
0.04946 0.09681
0.04794 0.09677
0.04645 0.09672
0.04498 0.09668
0.04353 0.09664
0.04210 0.09659
0.04070 0.09655
0.03932 0.09650
0.03796 0.09645
0.03664 0.09640
0.03533 0.09635
0.03406 0.09630
0.03281 0.09625
0.03159 0.09619
0.03039 0.09614
0.02923 0.09608
0.02810 0.09603
0.02699 0.09597
0.02592 0.09591
0.02488 0.09586
0.02387 0.09580
0.02289 0.09574
0.02194 0.09568
0.02102 0.09562
0.02014 0.09556
0.01929 0.09549
0.01848 0.09543
0.01770 0.09537
0.01695 0.09530
0.01623 0.09524
0.01555 0.09517
0.01491 0.09511
0.01430 0.09504
0.01372 0.09498
0.01318 0.09491
0.01268 0.09485
0.01221 0.09478
0.01177 0.09471
0.01137 0.09465
0.01101 0.09458
0.01068 0.09451
0.01038 0.09444
0.01012 0.09438
0.00990 0.09431
0.00971 0.09424
0.00955 0.09417
0.00943 0.09410
0.00934 0.09404
0.00928 0.09397
0.00926 0.09390
0.00928 0.09383
0.00932 0.09377
0.00940 0.09370
0.00951 0.09363
0.00965 0.09356
0.00983 0.09350
0.01003 0.09343
0.01027 0.09337
0.01053 0.09330
0.01083 0.09323
0.01116 0.09317
0.01151 0.09311
0.01189 0.09304
0.01231 0.09298
0.01274 0.09291
0.01321 0.09285
0.01370 0.09279
0.01422 0.09273
0.01476 0.09267
0.01533 0.09260
0.01592 0.09254
0.01653 0.09248
0.01717 0.09243
0.01783 0.09237
0.01851 0.09231
0.01921 0.09225
0.01993 0.09220
0.02067 0.09214
0.02143 0.09208
0.02220 0.09203
0.02299 0.09198
0.02382 0.09192
0.02463 0.09187
0.02549 0.09182
0.02636 0.09177
0.02722 0.09172
0.02810 0.09167
0.02900 0.09162
0.02990 0.09157
0.03082 0.09153
0.03174 0.09148
0.03268 0.09143
0.03362 0.09139
0.03457 0.09135
0.03553 0.09130
0.03649 0.09126
0.03746 0.09122
0.03844 0.09118
0.03942 0.09114
0.04040 0.09110
0.04138 0.09106
0.04237 0.09102
0.04336 0.09099
0.04435 0.09095
0.04534 0.09092
0.04632 0.09088
0.04731 0.09085
0.04830 0.09082
0.04928 0.09078
0.05026 0.09075
0.05124 0.09072
0.05221 0.09069
0.05317 0.09067
0.05414 0.09064
0.05509 0.09061
0.05604 0.09059
0.05698 0.09056
0.05792 0.09053
0.05884 0.09051
0.05976 0.09049
0.06067 0.09047
0.06157 0.09044
0.06246 0.09042
0.06334 0.09040
0.06421 0.09038
0.06507 0.09036
0.06592 0.09034
0.06675 0.09033
0.06758 0.09031
0.06839 0.09029
0.06919 0.09028
0.06998 0.09026
0.07075 0.09025
0.07151 0.09023
0.07226 0.09022
0.07300 0.09021
0.07372 0.09020
0.07443 0.09018
0.07512 0.09017
0.07580 0.09016
0.07647 0.09015
0.07712 0.09014
0.07776 0.09013
0.07839 0.09012
0.07900 0.09012
0.07959 0.09011
0.08018 0.09010
0.08074 0.09009
0.08130 0.09009
0.08184 0.09008
0.08237 0.09007
0.08289 0.09007
0.08339 0.09006
0.08387 0.09006
0.08435 0.09006
0.08481 0.09005
0.08526 0.09005
0.08570 0.09005
0.08613 0.09004
0.08654 0.09004
0.08694 0.09004
0.08734 0.09004
0.08771 0.09003
0.08808 0.09003
0.08845 0.09003
0.08880 0.09003
0.08914 0.09003
0.08947 0.09003
0.08979 0.09003
0.09010 0.09003
0.09041 0.09003
0.09071 0.09003
0.09100 0.09003
0.09128 0.09003
0.09157 0.09003
0.09184 0.09003
0.09211 0.09004
0.09237 0.09004
0.09263 0.09004
0.09288 0.09004
0.09313 0.09004
0.09339 0.09005
0.09363 0.09005
0.09388 0.09005
0.09412 0.09005
0.09435 0.09006
0.09459 0.09006
0.09483 0.09006
0.09507 0.09007
0.09532 0.09007
0.09556 0.09008
0.09581 0.09008
0.09605 0.09008
0.09631 0.09009
0.09656 0.09009
0.09682 0.09010
0.09708 0.09010
0.09735 0.09011
0.09762 0.09011
0.09790 0.09012
0.09819 0.09012
0.09848 0.09013
0.09878 0.09014
0.09908 0.09014
0.09940 0.09015
0.09972 0.09016
0.10005 0.09016
0.10039 0.09017
0.10074 0.09018
0.10110 0.09019
0.10147 0.09019
0.10185 0.09020
0.10224 0.09021
0.10264 0.09022
0.10305 0.09023
0.10347 0.09024
0.10391 0.09025
0.10435 0.09026
0.10481 0.09027
0.10528 0.09028
0.10577 0.09029
0.10626 0.09030
0.10677 0.09031
0.10730 0.09032
0.10783 0.09034
0.10838 0.09035
0.10894 0.09036
0.10952 0.09037
0.11011 0.09039
0.11071 0.09040
0.11133 0.09042
0.11195 0.09043
0.11260 0.09045
0.11325 0.09046
0.11392 0.09048
0.11460 0.09050
0.11530 0.09051
0.11601 0.09053
0.11673 0.09055
0.11746 0.09057
0.11821 0.09059
0.11897 0.09061
0.11974 0.09063
0.12052 0.09065
0.12131 0.09067
0.12212 0.09069
0.12293 0.09071
0.12376 0.09074
0.12459 0.09076
0.12544 0.09078
0.12629 0.09081
0.12716 0.09083
0.12803 0.09086
0.12891 0.09088
0.12980 0.09091
0.13070 0.09094
0.13160 0.09097
0.13251 0.09099
0.13343 0.09102
0.13435 0.09105
0.13527 0.09108
0.13620 0.09111
0.13714 0.09115
0.13808 0.09118
0.13901 0.09121
0.13996 0.09124
0.14090 0.09128
0.14184 0.09131
0.14278 0.09135
0.14373 0.09138
0.14467 0.09142
0.14561 0.09146
0.14655 0.09149
0.14748 0.09153
0.14841 0.09157
0.14933 0.09161
0.15025 0.09165
0.15117 0.09169
0.15208 0.09173
0.15298 0.09177
0.15387 0.09181
0.15475 0.09185
0.15562 0.09190
0.15648 0.09194
0.15734 0.09199
0.15818 0.09203
0.15900 0.09207
0.15982 0.09212
0.16059 0.09217
0.16137 0.09221
0.16214 0.09226
0.16289 0.09231
0.16363 0.09235
0.16435 0.09240
0.16504 0.09245
0.16573 0.09250
0.16639 0.09255
0.16703 0.09260
0.16766 0.09265
0.16826 0.09270
0.16883 0.09275
0.16939 0.09280
0.16992 0.09285
0.17043 0.09290
0.17091 0.09296
0.17137 0.09301
0.17180 0.09306
0.17221 0.09311
0.17259 0.09316
0.17294 0.09322
0.17326 0.09327
0.17356 0.09332
0.17382 0.09338
0.17406 0.09343
0.17427 0.09348
0.17444 0.09354
0.17459 0.09359
0.17470 0.09364
0.17478 0.09370
0.17483 0.09375
0.17485 0.09380
0.17484 0.09386
0.17479 0.09391
0.17471 0.09396
0.17460 0.09401
0.17445 0.09407
0.17427 0.09412
0.17405 0.09417
0.17380 0.09422
0.17352 0.09428
0.17320 0.09433
0.17285 0.09438
0.17246 0.09443
0.17204 0.09448
0.17159 0.09453
0.17110 0.09458
0.17057 0.09463
0.17001 0.09468
0.16942 0.09473
0.16879 0.09477
0.16813 0.09482
0.16743 0.09487
0.16670 0.09492
0.16593 0.09496
0.16513 0.09501
0.16430 0.09505
0.16343 0.09510
0.16254 0.09514
0.16161 0.09518
0.16065 0.09522
0.15965 0.09527
0.15862 0.09531
0.15757 0.09535
0.15648 0.09539
0.15536 0.09542
0.15422 0.09546
0.15304 0.09550
0.15183 0.09554
0.15060 0.09557
0.14934 0.09561
0.14805 0.09564
0.14674 0.09567
0.14540 0.09570
0.14403 0.09573
0.14264 0.09576
0.14123 0.09579
0.13980 0.09582
0.13833 0.09585
0.13686 0.09587
0.13535 0.09590
0.13383 0.09592
0.13229 0.09595
0.13073 0.09597
0.12915 0.09599
0.12756 0.09601
0.12594 0.09603
0.12432 0.09605
0.12267 0.09606
0.12102 0.09608
0.11935 0.09609
0.11767 0.09611
0.11597 0.09612
0.11427 0.09613
0.11256 0.09614
0.11084 0.09615
0.10911 0.09616
0.10737 0.09617
0.10564 0.09617
0.10389 0.09618
0.10214 0.09618
0.10039 0.09618
0.09860 0.09619
0.09681 0.09619
0.09507 0.09618
0.09330 0.09618
0.09155 0.09618
0.08980 0.09618
0.08805 0.09617
0.08631 0.09616
0.08457 0.09616
0.08284 0.09615
0.08111 0.09614
0.07939 0.09613
0.07768 0.09612
0.07598 0.09611
0.07429 0.09609
0.07261 0.09608
0.07095 0.09606
0.06929 0.09605
0.06766 0.09603
0.06603 0.09601
0.06442 0.09599
0.06283 0.09597
0.06126 0.09595
0.05970 0.09592
0.05816 0.09590
0.05664 0.09588
0.05515 0.09585
0.05367 0.09583
0.05221 0.09580
0.05078 0.09577
0.04937 0.09574
0.04798 0.09571
0.04662 0.09568
0.04528 0.09565
0.04397 0.09562
0.04268 0.09559
0.04142 0.09555
0.04019 0.09552
0.03898 0.09549
0.03780 0.09545
0.03666 0.09541
0.03553 0.09538
0.03444 0.09534
0.03338 0.09530
0.03235 0.09526
0.03135 0.09523
0.03038 0.09519
0.02944 0.09515
0.02854 0.09511
0.02766 0.09506
0.02682 0.09502
0.02600 0.09498
0.02522 0.09494
0.02448 0.09490
0.02376 0.09485
0.02308 0.09481
0.02243 0.09477
0.02182 0.09472
0.02123 0.09468
0.02068 0.09463
0.02017 0.09459
0.01968 0.09454
0.01923 0.09450
0.01881 0.09445
0.01843 0.09440
0.01807 0.09436
0.01775 0.09431
0.01746 0.09427
0.01721 0.09422
0.01698 0.09417
0.01679 0.09413
0.01663 0.09408
0.01650 0.09403
0.01640 0.09399
0.01633 0.09394
0.01629 0.09389
0.01629 0.09385
0.01631 0.09380
0.01636 0.09375
0.01644 0.09371
0.01655 0.09366
0.01668 0.09362
0.01685 0.09357
0.01704 0.09353
0.01725 0.09348
0.01750 0.09343
0.01776 0.09339
0.01806 0.09334
0.01837 0.09330
0.01872 0.09326
0.01908 0.09321
0.01947 0.09317
0.01988 0.09312
0.02031 0.09308
0.02076 0.09304
0.02124 0.09300
0.02173 0.09295
0.02224 0.09291
0.02277 0.09287
0.02332 0.09283
0.02388 0.09279
0.02446 0.09275
0.02506 0.09271
0.02565 0.09267
0.02626 0.09263
0.02691 0.09259
0.02756 0.09255
0.02823 0.09252
0.02891 0.09248
0.02960 0.09244
0.03030 0.09240
0.03100 0.09237
0.03172 0.09233
0.03245 0.09230
0.03318 0.09226
0.03392 0.09223
0.03467 0.09220
0.03542 0.09216
0.03618 0.09213
0.03694 0.09210
0.03770 0.09207
0.03847 0.09203
0.03925 0.09200
0.04002 0.09197
0.04079 0.09194
0.04156 0.09191
0.04233 0.09189
0.04311 0.09186
0.04388 0.09183
0.04465 0.09180
0.04542 0.09177
0.04618 0.09175
0.04694 0.09172
0.04770 0.09170
0.04845 0.09167
0.04921 0.09165
0.04995 0.09162
0.05068 0.09160
0.05141 0.09158
0.05214 0.09155
0.05285 0.09153
0.05356 0.09151
0.05427 0.09149
0.05496 0.09147
0.05564 0.09145
0.05632 0.09143
0.05698 0.09141
0.05764 0.09139
0.05829 0.09137
0.05893 0.09135
0.05955 0.09133
0.06017 0.09131
0.06078 0.09130
0.06137 0.09128
0.06195 0.09126
0.06253 0.09125
0.06309 0.09123
0.06364 0.09121
0.06418 0.09120
0.06471 0.09118
0.06522 0.09117
0.06573 0.09115
0.06622 0.09114
0.06670 0.09113
0.06717 0.09111
0.06763 0.09110
0.06807 0.09109
0.06851 0.09107
0.06894 0.09106
0.06935 0.09105
0.06975 0.09104
0.07014 0.09102
0.07052 0.09101
0.07089 0.09100
0.07125 0.09099
0.07160 0.09098
0.07194 0.09097
0.07227 0.09096
0.07260 0.09095
0.07292 0.09094
0.07322 0.09093
0.07351 0.09092
0.07380 0.09091
0.07408 0.09090
0.07435 0.09089
0.07462 0.09088
0.07488 0.09087
0.07513 0.09086
0.07538 0.09085
0.07562 0.09084
0.07586 0.09084
0.07609 0.09083
0.07632 0.09082
0.07655 0.09081
0.07677 0.09080
0.07699 0.09080
0.07721 0.09079
0.07742 0.09078
0.07764 0.09077
0.07785 0.09077
0.07806 0.09076
0.07828 0.09075
0.07849 0.09075
0.07871 0.09074
0.07892 0.09073
0.07914 0.09073
0.07932 0.09072
0.07954 0.09071
0.07978 0.09071
0.08000 0.09070
0.08024 0.09070
0.08048 0.09069
0.08073 0.09068
0.08098 0.09068
0.08124 0.09067
0.08151 0.09067
0.08178 0.09066
0.08207 0.09066
0.08236 0.09065
0.08266 0.09065
0.08297 0.09065
0.08329 0.09064
0.08362 0.09064
0.08395 0.09063
0.08430 0.09063
0.08467 0.09063
0.08504 0.09062
0.08542 0.09062
0.08582 0.09062
0.08623 0.09062
0.08666 0.09061
0.08709 0.09061
0.08755 0.09061
0.08801 0.09061
0.08849 0.09061
0.08898 0.09061
0.08949 0.09061
0.09001 0.09061
0.09055 0.09061
0.09111 0.09061
0.09168 0.09061
0.09226 0.09061
0.09286 0.09061
0.09348 0.09061
0.09411 0.09061
0.09476 0.09062
0.09543 0.09062
0.09611 0.09062
0.09681 0.09062
0.09752 0.09063
0.09825 0.09063
0.09900 0.09064
0.09976 0.09064
0.10054 0.09065
0.10133 0.09065
0.10214 0.09066
0.10297 0.09067
0.10381 0.09067
0.10467 0.09068
0.10554 0.09069
0.10643 0.09070
0.10733 0.09071
0.10825 0.09072
0.10918 0.09072
0.11012 0.09074
0.11108 0.09075
0.11205 0.09076
0.11304 0.09077
0.11404 0.09078
0.11505 0.09080
0.11607 0.09081
0.11710 0.09082
0.11814 0.09084
0.11920 0.09085
0.12026 0.09087
0.12134 0.09088
0.12242 0.09090
0.12351 0.09092
0.12461 0.09094
0.12571 0.09096
0.12683 0.09097
0.12795 0.09099
0.12907 0.09101
0.13020 0.09104
0.13134 0.09106
0.13247 0.09108
0.13362 0.09110
0.13476 0.09113
0.13591 0.09115
0.13705 0.09117
0.13820 0.09120
0.13934 0.09122
0.14049 0.09125
0.14163 0.09128
0.14277 0.09130
0.14391 0.09133
0.14505 0.09136
0.14618 0.09139
0.14730 0.09142
0.14842 0.09145
0.14953 0.09148
0.15063 0.09151
0.15172 0.09154
0.15281 0.09157
0.15388 0.09161
0.15495 0.09164
0.15600 0.09167
0.15704 0.09171
0.15807 0.09174
0.15909 0.09178
0.16008 0.09182
0.16106 0.09185
0.16203 0.09189
0.16297 0.09193
0.16391 0.09196
0.16482 0.09200
0.16571 0.09204
0.16659 0.09208
0.16744 0.09212
0.16827 0.09216
0.16908 0.09220
0.16987 0.09224
0.17064 0.09228
0.17138 0.09232
0.17209 0.09236
0.17278 0.09240
0.17345 0.09245
0.17408 0.09249
0.17469 0.09253
0.17527 0.09258
0.17583 0.09262
0.17636 0.09266
0.17685 0.09271
0.17732 0.09275
0.17775 0.09279
0.17816 0.09284
0.17853 0.09288
0.17887 0.09293
0.17918 0.09297
0.17945 0.09302
0.17970 0.09306
0.17990 0.09311
0.18008 0.09315
0.18022 0.09320
0.18033 0.09324
0.18040 0.09329
0.18044 0.09333
0.18044 0.09338
0.18041 0.09342
0.18034 0.09347
0.18023 0.09351
0.18009 0.09355
0.17991 0.09360
0.17970 0.09364
0.17945 0.09369
0.17916 0.09373
0.17884 0.09377
0.17848 0.09382
0.17808 0.09386
0.17765 0.09390
0.17719 0.09395
0.17668 0.09399
0.17614 0.09403
0.17557 0.09407
0.17495 0.09411
0.17431 0.09415
0.17363 0.09420
0.17291 0.09424
0.17215 0.09428
0.17137 0.09431
0.17055 0.09435
0.16969 0.09439
0.16880 0.09443
0.16788 0.09447
0.16693 0.09450
0.16595 0.09454
0.16492 0.09458
0.16388 0.09461
0.16280 0.09465
0.16169 0.09468
0.16055 0.09471
0.15938 0.09475
0.15818 0.09478
0.15695 0.09481
0.15570 0.09484
0.15442 0.09487
0.15311 0.09490
0.15178 0.09493
0.15042 0.09496
0.14904 0.09498
0.14764 0.09501
0.14621 0.09504
0.14476 0.09506
0.14329 0.09509
0.14180 0.09511
0.14029 0.09513
0.13876 0.09515
0.13721 0.09517
0.13565 0.09519
0.13407 0.09521
0.13247 0.09523
0.13086 0.09525
0.12924 0.09527
0.12760 0.09528
0.12595 0.09530
0.12429 0.09531
0.12262 0.09533
