QEq 0.07410
0.07411 0.07411
0.07413 0.07412
0.07418 0.07414
0.07424 0.07416
0.07432 0.07420
0.07442 0.07423
0.07454 0.07428
0.07467 0.07433
0.07483 0.07438
0.07500 0.07444
0.07518 0.07451
0.07539 0.07458
0.07561 0.07466
0.07585 0.07475
0.07610 0.07484
0.07637 0.07493
0.07666 0.07504
0.07696 0.07514
0.07728 0.07525
0.07762 0.07537
0.07797 0.07550
0.07833 0.07563
0.07871 0.07576
0.07910 0.07590
0.07951 0.07604
0.07993 0.07619
0.08037 0.07635
0.08081 0.07651
0.08127 0.07667
0.08174 0.07684
0.08222 0.07701
0.08271 0.07719
0.08322 0.07737
0.08373 0.07756
0.08426 0.07775
0.08479 0.07795
0.08534 0.07815
0.08589 0.07835
0.08645 0.07856
0.08701 0.07877
0.08758 0.07898
0.08817 0.07920
0.08875 0.07943
0.08934 0.07965
0.08994 0.07988
0.09056 0.08011
0.09115 0.08035
0.09175 0.08058
0.09235 0.08082
0.09299 0.08107
0.09365 0.08131
0.09430 0.08156
0.09492 0.08182
0.09551 0.08207
0.09612 0.08233
0.09677 0.08258
0.09737 0.08284
0.09801 0.08310
0.09861 0.08337
0.09923 0.08363
0.09984 0.08390
0.10045 0.08416
0.10106 0.08443
0.10165 0.08470
0.10225 0.08497
0.10284 0.08524
0.10342 0.08551
0.10400 0.08578
0.10456 0.08606
0.10513 0.08633
0.10568 0.08660
0.10623 0.08687
0.10677 0.08715
0.10730 0.08742
0.10782 0.08769
0.10833 0.08796
0.10883 0.08823
0.10932 0.08850
0.10980 0.08877
0.11026 0.08904
0.11072 0.08931
0.11116 0.08958
0.11159 0.08984
0.11201 0.09011
0.11241 0.09037
0.11281 0.09063
0.11319 0.09089
0.11355 0.09115
0.11390 0.09140
0.11424 0.09166
0.11456 0.09191
0.11486 0.09216
0.11515 0.09240
0.11543 0.09265
0.11569 0.09289
0.11594 0.09313
0.11617 0.09337
0.11638 0.09360
0.11658 0.09384
0.11676 0.09406
0.11693 0.09429
0.11707 0.09451
0.11721 0.09473
0.11733 0.09495
0.11742 0.09517
0.11751 0.09538
0.11758 0.09558
0.11763 0.09579
0.11766 0.09599
0.11769 0.09619
0.11769 0.09638
0.11768 0.09657
0.11764 0.09676
0.11760 0.09694
0.11754 0.09712
0.11746 0.09729
0.11737 0.09747
0.11726 0.09763
0.11714 0.09780
0.11700 0.09796
0.11685 0.09811
0.11669 0.09827
0.11650 0.09841
0.11631 0.09856
0.11610 0.09870
0.11588 0.09884
0.11564 0.09897
0.11539 0.09910
0.11513 0.09922
0.11485 0.09934
0.11457 0.09946
0.11427 0.09957
0.11396 0.09968
0.11364 0.09978
0.11331 0.09988
0.11296 0.09998
0.11261 0.10007
0.11225 0.10016
0.11187 0.10024
0.11149 0.10032
0.11111 0.10040
0.11072 0.10047
0.11031 0.10054
0.10990 0.10061
0.10948 0.10067
0.10906 0.10072
0.10861 0.10078
0.10820 0.10083
0.10775 0.10087
0.10727 0.10092
0.10680 0.10096
0.10632 0.10099
0.10584 0.10102
0.10537 0.10105
0.10489 0.10108
0.10442 0.10110
0.10397 0.10112
0.10349 0.10113
0.10303 0.10114
0.10255 0.10115
0.10209 0.10116
0.10163 0.10116
0.10116 0.10116
0.10069 0.10116
0.10023 0.10115
0.09977 0.10114
0.09932 0.10113
0.09886 0.10112
0.09841 0.10110
0.09797 0.10108
0.09753 0.10106
0.09709 0.10104
0.09666 0.10102
0.09623 0.10099
0.09581 0.10096
0.09540 0.10093
0.09500 0.10089
0.09460 0.10086
0.09421 0.10082
0.09383 0.10078
0.09345 0.10074
0.09309 0.10070
0.09273 0.10066
0.09238 0.10061
0.09205 0.10056
0.09172 0.10052
0.09140 0.10047
0.09109 0.10042
0.09079 0.10037
0.09051 0.10032
0.09023 0.10026
0.08997 0.10021
0.08971 0.10015
0.08947 0.10010
0.08924 0.10004
0.08903 0.09999
0.08882 0.09993
0.08863 0.09987
0.08845 0.09982
0.08828 0.09976
0.08812 0.09970
0.08798 0.09964
0.08785 0.09958
0.08773 0.09953
0.08762 0.09947
0.08753 0.09941
0.08745 0.09935
0.08738 0.09930
0.08733 0.09924
0.08729 0.09918
0.08726 0.09912
0.08725 0.09907
0.08724 0.09901
0.08725 0.09896
0.08727 0.09890
0.08731 0.09885
0.08735 0.09880
0.08741 0.09875
0.08748 0.09869
0.08756 0.09864
0.08766 0.09859
0.08776 0.09854
0.08788 0.09850
0.08800 0.09845
0.08814 0.09840
0.08829 0.09836
0.08845 0.09832
0.08862 0.09827
0.08880 0.09823
0.08899 0.09819
0.08919 0.09815
0.08939 0.09811
0.08960 0.09808
0.08983 0.09804
0.09006 0.09801
0.09030 0.09798
0.09055 0.09795
0.09081 0.09792
0.09107 0.09789
0.09134 0.09786
0.09162 0.09783
0.09190 0.09781
0.09218 0.09779
0.09247 0.09776
0.09277 0.09774
0.09306 0.09772
0.09337 0.09771
0.09367 0.09769
0.09400 0.09768
0.09430 0.09766
0.09460 0.09765
0.09491 0.09764
0.09526 0.09763
0.09562 0.09762
0.09598 0.09762
0.09630 0.09761
0.09659 0.09761
0.09691 0.09760
0.09725 0.09760
0.09755 0.09760
0.09788 0.09760
0.09819 0.09761
0.09850 0.09761
0.09882 0.09761
0.09913 0.09762
0.09943 0.09763
0.09973 0.09763
0.10002 0.09764
0.10032 0.09765
0.10061 0.09766
0.10088 0.09768
0.10116 0.09769
0.10143 0.09770
0.10169 0.09772
0.10195 0.09773
0.10220 0.09775
0.10244 0.09777
0.10268 0.09778
0.10290 0.09780
0.10312 0.09782
0.10333 0.09784
0.10354 0.09786
0.10373 0.09788
0.10391 0.09790
0.10409 0.09792
0.10425 0.09795
0.10440 0.09797
0.10455 0.09799
0.10469 0.09801
0.10481 0.09804
0.10493 0.09806
0.10502 0.09809
0.10512 0.09811
0.10520 0.09813
0.10527 0.09816
0.10533 0.09818
0.10537 0.09821
0.10541 0.09823
0.10543 0.09825
0.10545 0.09828
0.10545 0.09830
0.10544 0.09833
0.10541 0.09835
0.10538 0.09837
0.10533 0.09840
0.10528 0.09842
0.10521 0.09844
0.10513 0.09846
0.10504 0.09848
0.10493 0.09850
0.10482 0.09852
0.10469 0.09854
0.10456 0.09856
0.10441 0.09858
0.10425 0.09860
0.10408 0.09862
0.10390 0.09863
0.10371 0.09865
0.10351 0.09866
0.10330 0.09868
0.10307 0.09869
0.10285 0.09871
0.10260 0.09872
0.10236 0.09873
0.10210 0.09874
0.10183 0.09875
0.10156 0.09876
0.10127 0.09877
0.10098 0.09877
0.10069 0.09878
0.10038 0.09878
0.10007 0.09879
0.09975 0.09879
0.09943 0.09879
0.09909 0.09879
0.09876 0.09879
0.09842 0.09879
0.09807 0.09879
0.09772 0.09879
0.09737 0.09878
0.09701 0.09878
0.09665 0.09877
0.09628 0.09876
0.09591 0.09875
0.09554 0.09875
0.09518 0.09873
0.09481 0.09872
0.09442 0.09871
0.09406 0.09870
0.09367 0.09868
0.09331 0.09867
0.09295 0.09865
0.09255 0.09863
0.09217 0.09862
0.09181 0.09860
0.09145 0.09858
0.09109 0.09856
0.09072 0.09853
0.09037 0.09851
0.09001 0.09849
0.08968 0.09846
0.08932 0.09844
0.08900 0.09841
0.08866 0.09839
0.08833 0.09836
0.08802 0.09833
0.08771 0.09830
0.08740 0.09827
0.08710 0.09824
0.08681 0.09821
0.08654 0.09818
0.08626 0.09815
0.08599 0.09811
0.08575 0.09808
0.08550 0.09805
0.08526 0.09801
0.08505 0.09798
0.08483 0.09794
0.08462 0.09791
0.08443 0.09787
0.08426 0.09784
0.08409 0.09780
0.08393 0.09777
0.08379 0.09773
0.08365 0.09769
0.08354 0.09766
0.08343 0.09762
0.08334 0.09758
0.08326 0.09755
0.08319 0.09751
0.08314 0.09747
0.08310 0.09744
0.08308 0.09740
0.08306 0.09736
0.08307 0.09733
0.08308 0.09729
0.08311 0.09725
0.08316 0.09722
0.08322 0.09718
0.08329 0.09715
0.08338 0.09711
0.08348 0.09708
0.08360 0.09705
0.08373 0.09701
0.08388 0.09698
0.08404 0.09695
0.08421 0.09692
0.08440 0.09689
0.08460 0.09686
0.08482 0.09683
0.08505 0.09680
0.08529 0.09677
0.08555 0.09675
0.08582 0.09672
0.08611 0.09669
0.08640 0.09667
0.08671 0.09664
0.08704 0.09662
0.08737 0.09660
0.08772 0.09658
0.08808 0.09656
0.08845 0.09654
0.08883 0.09652
0.08922 0.09650
0.08963 0.09649
0.09004 0.09647
0.09047 0.09646
0.09090 0.09645
0.09135 0.09643
0.09180 0.09642
0.09226 0.09641
0.09273 0.09640
0.09321 0.09640
0.09369 0.09639
0.09419 0.09639
0.09469 0.09638
0.09519 0.09638
0.09571 0.09638
0.09623 0.09638
0.09675 0.09638
0.09728 0.09638
0.09781 0.09638
0.09835 0.09639
0.09889 0.09639
0.09943 0.09640
0.09997 0.09641
0.10052 0.09642
0.10106 0.09643
0.10162 0.09644
0.10218 0.09645
0.10272 0.09647
0.10327 0.09648
0.10382 0.09650
0.10436 0.09651
0.10490 0.09653
0.10543 0.09655
0.10597 0.09657
0.10651 0.09659
0.10704 0.09662
0.10758 0.09664
0.10810 0.09667
0.10861 0.09669
0.10914 0.09672
0.10963 0.09675
0.11014 0.09678
0.11064 0.09681
0.11111 0.09684
0.11160 0.09687
0.11207 0.09690
0.11253 0.09693
0.11298 0.09697
0.11342 0.09700
0.11385 0.09704
0.11427 0.09707
0.11468 0.09711
0.11508 0.09715
0.11546 0.09719
0.11584 0.09723
0.11620 0.09727
0.11655 0.09731
0.11689 0.09735
0.11721 0.09739
0.11752 0.09743
0.11782 0.09747
0.11810 0.09751
0.11836 0.09756
0.11861 0.09760
0.11885 0.09764
0.11907 0.09769
0.11927 0.09773
0.11947 0.09778
0.11964 0.09782
0.11980 0.09787
0.11994 0.09791
0.12006 0.09795
0.12016 0.09800
0.12026 0.09804
0.12033 0.09809
0.12038 0.09813
0.12042 0.09818
0.12044 0.09822
0.12045 0.09827
0.12043 0.09831
0.12040 0.09835
0.12035 0.09840
0.12029 0.09844
0.12020 0.09848
0.12010 0.09853
0.11998 0.09857
0.11984 0.09861
0.11969 0.09865
0.11952 0.09869
0.11933 0.09873
0.11913 0.09877
0.11891 0.09881
0.11867 0.09885
0.11841 0.09889
0.11814 0.09893
0.11785 0.09896
0.11755 0.09900
0.11723 0.09903
0.11690 0.09907
0.11655 0.09910
0.11618 0.09913
0.11580 0.09916
0.11541 0.09920
0.11500 0.09923
0.11458 0.09925
0.11414 0.09928
0.11369 0.09931
0.11323 0.09934
0.11276 0.09936
0.11227 0.09939
0.11177 0.09941
0.11127 0.09943
0.11075 0.09945
0.11022 0.09947
0.10967 0.09949
0.10913 0.09951
0.10857 0.09953
0.10799 0.09954
0.10743 0.09956
0.10684 0.09957
0.10625 0.09958
0.10565 0.09959
0.10504 0.09960
0.10443 0.09961
0.10382 0.09962
0.10321 0.09963
0.10257 0.09963
0.10194 0.09964
0.10131 0.09964
0.10068 0.09964
0.10002 0.09964
0.09940 0.09964
0.09878 0.09964
0.09813 0.09964
0.09747 0.09963
0.09682 0.09963
0.09616 0.09962
0.09557 0.09961
0.09492 0.09961
0.09427 0.09960
0.09366 0.09959
0.09301 0.09957
0.09240 0.09956
0.09177 0.09955
0.09115 0.09953
0.09054 0.09952
0.08994 0.09950
0.08934 0.09948
0.08875 0.09946
0.08817 0.09944
0.08759 0.09942
0.08702 0.09940
0.08646 0.09938
0.08592 0.09936
0.08537 0.09933
0.08484 0.09931
0.08432 0.09928
0.08381 0.09925
0.08331 0.09923
0.08283 0.09920
0.08235 0.09917
0.08189 0.09914
0.08144 0.09911
0.08101 0.09908
0.08059 0.09905
0.08018 0.09902
0.07979 0.09898
0.07941 0.09895
0.07904 0.09892
0.07869 0.09888
0.07836 0.09885
0.07804 0.09881
0.07774 0.09878
0.07745 0.09874
0.07718 0.09871
0.07692 0.09867
0.07669 0.09863
0.07647 0.09860
0.07626 0.09856
0.07608 0.09852
0.07591 0.09848
0.07576 0.09845
0.07562 0.09841
0.07550 0.09837
0.07540 0.09833
0.07532 0.09830
0.07526 0.09826
0.07521 0.09822
0.07518 0.09818
0.07517 0.09814
0.07517 0.09811
0.07520 0.09807
0.07524 0.09803
0.07530 0.09800
0.07538 0.09796
0.07547 0.09792
0.07558 0.09789
0.07571 0.09785
0.07585 0.09782
0.07601 0.09778
0.07619 0.09775
0.07638 0.09771
0.07659 0.09768
0.07682 0.09765
0.07706 0.09761
0.07731 0.09758
0.07759 0.09755
0.07787 0.09752
0.07817 0.09749
0.07849 0.09746
0.07882 0.09743
0.07916 0.09740
0.07952 0.09737
0.07989 0.09734
0.08027 0.09732
0.08066 0.09729
0.08107 0.09726
0.08149 0.09724
0.08192 0.09722
0.08235 0.09719
0.08281 0.09717
0.08327 0.09715
0.08374 0.09713
0.08421 0.09711
0.08470 0.09709
0.08520 0.09707
0.08570 0.09705
0.08620 0.09704
0.08674 0.09702
0.08725 0.09701
0.08778 0.09699
0.08832 0.09698
0.08885 0.09697
0.08939 0.09695
0.08993 0.09694
0.09046 0.09693
0.09100 0.09693
0.09153 0.09692
0.09207 0.09691
0.09262 0.09690
0.09322 0.09690
0.09375 0.09689
0.09433 0.09689
0.09487 0.09689
0.09545 0.09688
0.09601 0.09688
0.09656 0.09688
0.09711 0.09688
0.09767 0.09688
0.09822 0.09689
0.09877 0.09689
0.09931 0.09689
0.09984 0.09690
0.10038 0.09690
0.10090 0.09691
0.10142 0.09691
0.10193 0.09692
0.10245 0.09693
0.10294 0.09694
0.10343 0.09695
0.10392 0.09696
0.10439 0.09697
0.10486 0.09698
0.10532 0.09699
0.10577 0.09701
0.10621 0.09702
0.10663 0.09703
0.10705 0.09705
0.10746 0.09706
0.10785 0.09708
0.10824 0.09709
0.10861 0.09711
0.10897 0.09713
0.10932 0.09715
0.10965 0.09716
0.10998 0.09718
0.11029 0.09720
0.11059 0.09722
0.11087 0.09724
0.11114 0.09726
0.11140 0.09728
0.11164 0.09730
0.11187 0.09732
0.11208 0.09734
0.11228 0.09736
0.11247 0.09738
0.11264 0.09740
0.11280 0.09743
0.11294 0.09745
0.11306 0.09747
0.11318 0.09749
0.11327 0.09751
0.11336 0.09754
0.11343 0.09756
0.11348 0.09758
0.11352 0.09760
0.11355 0.09762
0.11356 0.09765
0.11356 0.09767
0.11354 0.09769
0.11350 0.09771
0.11346 0.09773
0.11340 0.09776
0.11333 0.09778
0.11324 0.09780
0.11314 0.09782
0.11302 0.09784
0.11290 0.09786
0.11276 0.09788
0.11261 0.09790
0.11244 0.09792
0.11226 0.09794
0.11208 0.09796
0.11188 0.09798
0.11166 0.09800
0.11144 0.09802
0.11121 0.09803
0.11097 0.09805
0.11072 0.09807
0.11044 0.09808
0.11018 0.09810
0.10990 0.09812
0.10961 0.09813
0.10931 0.09815
0.10900 0.09816
0.10868 0.09818
0.10836 0.09819
0.10803 0.09820
0.10770 0.09821
0.10735 0.09823
0.10701 0.09824
0.10665 0.09825
0.10630 0.09826
0.10594 0.09827
0.10558 0.09828
0.10516 0.09829
0.10478 0.09830
0.10442 0.09831
0.10401 0.09831
0.10359 0.09832
0.10320 0.09833
0.10284 0.09833
0.10244 0.09834
0.10206 0.09834
0.10167 0.09835
0.10130 0.09835
0.10091 0.09835
0.10053 0.09836
0.10015 0.09836
0.09977 0.09836
0.09940 0.09836
0.09903 0.09836
0.09866 0.09836
0.09830 0.09836
0.09794 0.09836
0.09758 0.09836
0.09723 0.09836
0.09689 0.09836
0.09654 0.09836
0.09621 0.09835
0.09588 0.09835
0.09556 0.09835
0.09524 0.09834
0.09494 0.09834
0.09464 0.09833
0.09434 0.09833
0.09406 0.09832
0.09379 0.09832
0.09352 0.09831
0.09326 0.09831
0.09301 0.09830
0.09278 0.09829
0.09255 0.09828
0.09233 0.09828
0.09212 0.09827
0.09192 0.09826
0.09173 0.09825
0.09155 0.09824
0.09139 0.09824
0.09123 0.09823
0.09109 0.09822
0.09095 0.09821
0.09083 0.09820
0.09072 0.09819
0.09062 0.09818
0.09053 0.09817
0.09046 0.09816
0.09039 0.09815
0.09034 0.09814
0.09030 0.09813
0.09027 0.09812
0.09025 0.09811
0.09025 0.09811
0.09026 0.09810
0.09027 0.09809
0.09030 0.09808
0.09034 0.09807
0.09039 0.09806
0.09046 0.09805
0.09053 0.09804
0.09062 0.09803
0.09071 0.09802
0.09082 0.09801
0.09094 0.09800
0.09107 0.09800
0.09121 0.09799
0.09136 0.09798
0.09152 0.09797
0.09169 0.09796
0.09187 0.09796
0.09206 0.09795
0.09225 0.09794
0.09246 0.09794
0.09267 0.09793
0.09289 0.09792
0.09312 0.09792
0.09336 0.09791
0.09360 0.09791
0.09385 0.09790
0.09412 0.09790
0.09437 0.09789
0.09465 0.09789
0.09493 0.09789
0.09521 0.09788
0.09549 0.09788
0.09579 0.09788
0.09608 0.09788
0.09638 0.09787
0.09668 0.09787
0.09699 0.09787
0.09731 0.09787
0.09761 0.09787
0.09793 0.09787
0.09824 0.09787
0.09857 0.09787
0.09887 0.09787
0.09917 0.09788
0.09951 0.09788
0.09987 0.09788
0.10023 0.09788
0.10058 0.09789
0.10087 0.09789
0.10117 0.09789
0.10148 0.09790
0.10180 0.09790
0.10209 0.09791
0.10240 0.09791
0.10270 0.09792
0.10299 0.09792
0.10328 0.09793
0.10356 0.09794
0.10384 0.09794
0.10412 0.09795
0.10438 0.09796
0.10464 0.09796
0.10489 0.09797
0.10514 0.09798
0.10537 0.09799
0.10561 0.09800
0.10583 0.09801
0.10604 0.09802
0.10625 0.09802
0.10644 0.09803
0.10663 0.09804
0.10681 0.09805
0.10698 0.09806
0.10713 0.09807
0.10728 0.09808
0.10742 0.09809
0.10755 0.09810
0.10766 0.09812
0.10776 0.09813
0.10786 0.09814
0.10794 0.09815
0.10801 0.09816
0.10807 0.09817
0.10811 0.09818
0.10815 0.09819
0.10817 0.09820
0.10818 0.09821
0.10818 0.09823
0.10816 0.09824
0.10814 0.09825
0.10810 0.09826
0.10804 0.09827
0.10798 0.09828
0.10790 0.09829
0.10781 0.09830
0.10771 0.09831
0.10759 0.09832
0.10746 0.09833
0.10733 0.09834
0.10717 0.09835
0.10701 0.09836
0.10683 0.09837
0.10664 0.09838
0.10644 0.09839
0.10622 0.09840
0.10600 0.09840
0.10576 0.09841
0.10551 0.09842
0.10525 0.09843
0.10498 0.09843
0.10470 0.09844
0.10441 0.09845
0.10411 0.09845
0.10380 0.09846
0.10347 0.09846
0.10314 0.09847
0.10280 0.09847
0.10245 0.09848
0.10209 0.09848
0.10173 0.09849
0.10135 0.09849
0.10097 0.09849
0.10058 0.09849
0.10018 0.09850
0.09978 0.09850
0.09937 0.09850
0.09896 0.09850
0.09853 0.09850
0.09811 0.09850
0.09767 0.09850
0.09724 0.09850
0.09680 0.09849
0.09636 0.09849
0.09591 0.09849
0.09546 0.09849
0.09501 0.09848
0.09456 0.09848
0.09411 0.09847
0.09364 0.09847
0.09319 0.09846
0.09274 0.09846
0.09227 0.09845
0.09182 0.09844
0.09138 0.09844
0.09090 0.09843
0.09043 0.09842
0.08999 0.09841
0.08957 0.09840
0.08916 0.09839
0.08872 0.09838
0.08824 0.09837
0.08783 0.09836
0.08741 0.09835
0.08699 0.09834
0.08657 0.09833
0.08617 0.09831
0.08578 0.09830
0.08538 0.09829
0.08500 0.09827
0.08462 0.09826
0.08426 0.09825
0.08390 0.09823
0.08356 0.09822
0.08321 0.09820
0.08289 0.09818
0.08257 0.09817
0.08226 0.09815
0.08197 0.09814
0.08169 0.09812
0.08141 0.09810
0.08115 0.09809
0.08090 0.09807
0.08067 0.09805
0.08044 0.09803
0.08023 0.09801
0.08004 0.09800
0.07986 0.09798
0.07969 0.09796
0.07953 0.09794
0.07940 0.09792
0.07927 0.09790
0.07916 0.09789
0.07907 0.09787
0.07899 0.09785
0.07893 0.09783
0.07887 0.09781
0.07884 0.09779
0.07882 0.09777
0.07883 0.09775
0.07884 0.09773
0.07887 0.09772
0.07892 0.09770
0.07898 0.09768
0.07906 0.09766
0.07916 0.09764
0.07927 0.09762
0.07939 0.09761
0.07954 0.09759
0.07970 0.09757
0.07987 0.09755
0.08006 0.09754
0.08027 0.09752
0.08049 0.09750
0.08073 0.09749
0.08098 0.09747
0.08125 0.09745
0.08153 0.09744
0.08183 0.09742
0.08214 0.09741
0.08247 0.09739
0.08281 0.09738
0.08317 0.09736
0.08354 0.09735
0.08392 0.09734
0.08432 0.09733
0.08473 0.09731
0.08515 0.09730
0.08558 0.09729
0.08603 0.09728
0.08649 0.09727
0.08696 0.09726
0.08744 0.09725
0.08793 0.09724
0.08843 0.09723
0.08894 0.09722
0.08946 0.09722
0.08999 0.09721
0.09052 0.09720
0.09107 0.09720
0.09162 0.09719
0.09218 0.09719
0.09276 0.09718
0.09333 0.09718
0.09390 0.09718
0.09449 0.09717
0.09508 0.09717
0.09568 0.09717
0.09628 0.09717
0.09689 0.09717
0.09748 0.09717
0.09810 0.09717
0.09871 0.09717
0.09932 0.09717
0.09994 0.09718
0.10055 0.09718
0.10115 0.09718
0.10174 0.09719
0.10239 0.09719
0.10305 0.09720
0.10371 0.09720
0.10433 0.09721
0.10492 0.09722
0.10552 0.09723
0.10611 0.09723
0.10671 0.09724
0.10730 0.09725
0.10787 0.09726
0.10844 0.09727
0.10902 0.09728
0.10958 0.09730
0.11013 0.09731
0.11067 0.09732
0.11121 0.09733
0.11174 0.09735
0.11226 0.09736
0.11277 0.09737
0.11326 0.09739
0.11375 0.09740
0.11423 0.09742
0.11469 0.09744
0.11515 0.09745
0.11559 0.09747
0.11602 0.09749
0.11643 0.09750
0.11683 0.09752
0.11722 0.09754
0.11760 0.09756
0.11795 0.09758
0.11830 0.09759
0.11863 0.09761
0.11894 0.09763
0.11924 0.09765
0.11953 0.09767
0.11980 0.09769
0.12005 0.09771
0.12028 0.09773
0.12050 0.09775
0.12070 0.09777
0.12088 0.09780
0.12105 0.09782
0.12120 0.09784
0.12133 0.09786
0.12144 0.09788
0.12154 0.09790
0.12162 0.09792
0.12168 0.09794
0.12172 0.09797
0.12174 0.09799
0.12175 0.09801
0.12174 0.09803
0.12171 0.09805
0.12166 0.09807
0.12159 0.09809
0.12151 0.09811
0.12141 0.09813
0.12129 0.09816
0.12115 0.09818
0.12100 0.09820
0.12082 0.09822
0.12063 0.09824
0.12043 0.09826
0.12020 0.09828
0.11996 0.09829
0.11970 0.09831
0.11943 0.09833
0.11914 0.09835
0.11883 0.09837
0.11851 0.09839
0.11817 0.09840
0.11782 0.09842
0.11745 0.09844
0.11707 0.09845
0.11667 0.09847
0.11627 0.09849
0.11584 0.09850
0.11540 0.09852
0.11496 0.09853
0.11450 0.09854
0.11402 0.09856
0.11353 0.09857
0.11304 0.09858
0.11253 0.09860
0.11201 0.09861
0.11149 0.09862
0.11095 0.09863
0.11040 0.09864
0.10985 0.09865
0.10929 0.09866
0.10871 0.09867
0.10813 0.09867
0.10755 0.09868
0.10696 0.09869
0.10636 0.09870
0.10576 0.09870
0.10516 0.09871
0.10453 0.09871
0.10393 0.09872
0.10333 0.09872
0.10270 0.09872
0.10204 0.09873
0.10139 0.09873
0.10073 0.09873
0.10011 0.09873
0.09952 0.09873
0.09888 0.09873
0.09825 0.09873
0.09764 0.09873
0.09701 0.09873
0.09638 0.09873
0.09578 0.09873
0.09516 0.09872
0.09455 0.09872
0.09395 0.09872
0.09335 0.09871
0.09275 0.09871
0.09216 0.09870
0.09158 0.09869
0.09101 0.09869
0.09043 0.09868
0.08988 0.09867
0.08932 0.09867
0.08878 0.09866
0.08825 0.09865
0.08772 0.09864
0.08721 0.09863
0.08670 0.09862
0.08621 0.09861
0.08572 0.09860
0.08525 0.09859
0.08480 0.09858
0.08435 0.09856
0.08391 0.09855
0.08349 0.09854
0.08308 0.09853
0.08269 0.09851
0.08230 0.09850
0.08194 0.09849
0.08158 0.09847
0.08124 0.09846
0.08092 0.09844
0.08061 0.09843
0.08031 0.09841
0.08004 0.09840
0.07977 0.09838
0.07952 0.09837
0.07929 0.09835
0.07908 0.09834
0.07887 0.09832
0.07869 0.09830
0.07852 0.09829
0.07837 0.09827
0.07824 0.09825
0.07812 0.09824
0.07802 0.09822
0.07793 0.09820
0.07786 0.09819
0.07781 0.09817
0.07777 0.09815
0.07776 0.09814
0.07775 0.09812
0.07777 0.09810
0.07780 0.09809
0.07784 0.09807
0.07790 0.09806
0.07798 0.09804
0.07808 0.09802
0.07819 0.09801
0.07831 0.09799
0.07845 0.09797
0.07861 0.09796
0.07877 0.09794
0.07896 0.09793
0.07916 0.09791
0.07937 0.09790
0.07960 0.09788
0.07984 0.09787
0.08009 0.09785
0.08035 0.09784
0.08064 0.09783
0.08093 0.09781
0.08124 0.09780
0.08155 0.09779
0.08188 0.09777
0.08222 0.09776
0.08257 0.09775
0.08293 0.09774
0.08330 0.09773
0.08368 0.09771
0.08406 0.09770
0.08446 0.09769
0.08487 0.09768
0.08528 0.09767
0.08571 0.09766
0.08613 0.09765
0.08657 0.09765
0.08701 0.09764
0.08746 0.09763
0.08789 0.09762
0.08837 0.09761
0.08885 0.09761
0.08932 0.09760
0.08980 0.09759
0.09028 0.09759
0.09075 0.09758
0.09123 0.09758
0.09172 0.09757
0.09219 0.09757
0.09267 0.09757
0.09316 0.09756
0.09364 0.09756
0.09412 0.09756
0.09460 0.09755
0.09508 0.09755
0.09556 0.09755
0.09603 0.09755
0.09650 0.09755
0.09697 0.09755
0.09744 0.09755
0.09790 0.09755
0.09836 0.09755
0.09881 0.09755
0.09926 0.09755
0.09969 0.09755
0.10013 0.09756
0.10056 0.09756
0.10098 0.09756
0.10140 0.09756
0.10180 0.09757
0.10220 0.09757
0.10259 0.09757
0.10297 0.09758
0.10335 0.09758
0.10371 0.09759
0.10407 0.09759
0.10441 0.09760
0.10475 0.09760
0.10508 0.09761
0.10539 0.09761
0.10569 0.09762
0.10598 0.09763
0.10627 0.09763
0.10653 0.09764
0.10680 0.09765
0.10704 0.09765
0.10727 0.09766
0.10750 0.09767
0.10770 0.09768
0.10790 0.09769
0.10809 0.09769
0.10826 0.09770
0.10842 0.09771
0.10857 0.09772
0.10870 0.09773
0.10882 0.09773
0.10893 0.09774
0.10902 0.09775
0.10910 0.09776
0.10917 0.09777
0.10923 0.09778
0.10927 0.09779
0.10930 0.09779
0.10932 0.09780
0.10932 0.09781
0.10931 0.09782
0.10929 0.09783
0.10925 0.09784
0.10921 0.09785
0.10915 0.09785
0.10908 0.09786
0.10900 0.09787
0.10890 0.09788
0.10879 0.09789
0.10868 0.09790
0.10855 0.09790
0.10841 0.09791
0.10826 0.09792
0.10810 0.09793
0.10793 0.09793
0.10775 0.09794
0.10755 0.09795
0.10735 0.09796
0.10714 0.09796
0.10692 0.09797
0.10670 0.09798
0.10646 0.09798
0.10621 0.09799
0.10596 0.09799
0.10571 0.09800
0.10544 0.09801
0.10517 0.09801
0.10489 0.09802
0.10461 0.09802
0.10431 0.09803
0.10402 0.09803
0.10372 0.09803
0.10341 0.09804
0.10310 0.09804
0.10279 0.09804
0.10246 0.09805
0.10217 0.09805
0.10187 0.09805
0.10151 0.09806
0.10116 0.09806
0.10080 0.09806
0.10044 0.09806
0.10013 0.09806
0.09983 0.09807
0.09948 0.09807
0.09916 0.09807
0.09884 0.09807
0.09851 0.09807
0.09818 0.09807
0.09787 0.09807
0.09756 0.09807
0.09724 0.09807
0.09693 0.09807
0.09662 0.09806
0.09632 0.09806
0.09602 0.09806
0.09573 0.09806
0.09544 0.09806
0.09516 0.09806
0.09488 0.09805
0.09461 0.09805
0.09435 0.09805
0.09409 0.09805
0.09385 0.09804
0.09360 0.09804
0.09337 0.09804
0.09314 0.09803
0.09293 0.09803
0.09272 0.09803
0.09252 0.09802
0.09233 0.09802
0.09215 0.09801
0.09197 0.09801
0.09181 0.09800
0.09166 0.09800
0.09152 0.09800
0.09139 0.09799
0.09126 0.09799
0.09116 0.09798
0.09106 0.09798
0.09097 0.09797
0.09089 0.09797
0.09083 0.09796
0.09077 0.09796
0.09073 0.09795
0.09070 0.09795
0.09068 0.09794
0.09066 0.09794
0.09067 0.09793
0.09068 0.09793
0.09071 0.09792
0.09075 0.09792
0.09080 0.09791
0.09086 0.09791
0.09093 0.09790
0.09101 0.09790
0.09111 0.09789
0.09121 0.09789
0.09133 0.09788
0.09146 0.09788
0.09160 0.09787
0.09175 0.09787
0.09191 0.09786
0.09208 0.09786
0.09227 0.09786
0.09245 0.09785
0.09266 0.09785
0.09287 0.09785
0.09309 0.09784
0.09332 0.09784
0.09356 0.09784
0.09381 0.09783
0.09407 0.09783
0.09433 0.09783
0.09461 0.09783
0.09489 0.09782
0.09518 0.09782
0.09547 0.09782
0.09577 0.09782
0.09608 0.09782
0.09640 0.09782
0.09671 0.09782
0.09705 0.09782
0.09737 0.09782
0.09771 0.09782
0.09805 0.09782
0.09840 0.09782
0.09875 0.09782
0.09910 0.09782
0.09945 0.09782
0.09981 0.09782
0.10017 0.09782
0.10053 0.09782
0.10089 0.09783
0.10125 0.09783
0.10162 0.09783
0.10198 0.09783
0.10234 0.09784
0.10271 0.09784
0.10307 0.09784
0.10343 0.09785
0.10379 0.09785
0.10414 0.09786
0.10450 0.09786
0.10482 0.09786
0.10518 0.09787
0.10554 0.09787
0.10585 0.09788
0.10620 0.09789
0.10652 0.09789
0.10683 0.09790
0.10716 0.09790
0.10746 0.09791
0.10776 0.09792
0.10806 0.09792
0.10834 0.09793
0.10863 0.09794
0.10890 0.09795
0.10916 0.09795
0.10941 0.09796
0.10966 0.09797
0.10989 0.09798
0.11012 0.09798
0.11034 0.09799
0.11054 0.09800
0.11073 0.09801
0.11091 0.09802
0.11109 0.09803
0.11124 0.09804
0.11139 0.09804
0.11153 0.09805
0.11165 0.09806
0.11176 0.09807
0.11186 0.09808
0.11195 0.09809
0.11202 0.09810
0.11208 0.09811
0.11213 0.09812
0.11216 0.09813
0.11218 0.09814
0.11219 0.09815
0.11218 0.09816
0.11215 0.09816
0.11212 0.09817
0.11207 0.09818
0.11200 0.09819
0.11193 0.09820
0.11183 0.09821
0.11173 0.09822
0.11161 0.09823
0.11147 0.09824
0.11132 0.09825
0.11116 0.09825
0.11098 0.09826
0.11079 0.09827
0.11059 0.09828
0.11037 0.09829
0.11014 0.09829
0.10989 0.09830
0.10964 0.09831
0.10936 0.09832
0.10908 0.09832
0.10878 0.09833
0.10848 0.09834
0.10815 0.09834
0.10782 0.09835
0.10747 0.09836
0.10712 0.09836
0.10675 0.09837
0.10637 0.09837
0.10598 0.09838
0.10558 0.09838
0.10517 0.09839
0.10475 0.09839
0.10432 0.09839
0.10387 0.09840
0.10343 0.09840
0.10297 0.09840
0.10251 0.09841
0.10204 0.09841
0.10156 0.09841
0.10107 0.09841
0.10058 0.09841
0.10007 0.09841
0.09958 0.09842
0.09906 0.09842
0.09854 0.09842
0.09803 0.09842
0.09751 0.09842
0.09698 0.09841
0.09645 0.09841
0.09592 0.09841
0.09538 0.09841
0.09485 0.09841
0.09431 0.09840
0.09377 0.09840
0.09324 0.09840
0.09270 0.09839
0.09216 0.09839
0.09162 0.09839
0.09109 0.09838
0.09055 0.09838
0.09003 0.09837
0.08955 0.09837
0.08903 0.09836
0.08849 0.09835
0.08796 0.09835
0.08746 0.09834
0.08696 0.09833
0.08645 0.09833
0.08597 0.09832
0.08548 0.09831
0.08501 0.09830
0.08454 0.09829
0.08408 0.09828
0.08363 0.09827
0.08318 0.09826
0.08275 0.09825
0.08232 0.09824
0.08191 0.09823
0.08151 0.09822
0.08111 0.09821
0.08074 0.09820
0.08037 0.09819
0.08001 0.09818
0.07967 0.09817
0.07934 0.09816
0.07902 0.09814
0.07872 0.09813
0.07843 0.09812
0.07815 0.09811
0.07789 0.09809
0.07765 0.09808
0.07741 0.09807
0.07720 0.09806
0.07700 0.09804
0.07681 0.09803
0.07664 0.09802
0.07649 0.09800
0.07635 0.09799
0.07623 0.09798
0.07613 0.09796
0.07604 0.09795
0.07597 0.09794
0.07592 0.09792
0.07588 0.09791
0.07586 0.09789
0.07586 0.09788
0.07588 0.09787
0.07591 0.09785
0.07596 0.09784
0.07603 0.09783
0.07611 0.09781
0.07622 0.09780
0.07634 0.09779
0.07647 0.09777
0.07663 0.09776
0.07680 0.09775
0.07699 0.09773
0.07719 0.09772
0.07741 0.09771
0.07765 0.09770
0.07791 0.09769
0.07818 0.09767
0.07846 0.09766
0.07877 0.09765
0.07908 0.09764
0.07942 0.09763
0.07977 0.09762
0.08013 0.09761
0.08051 0.09760
0.08090 0.09759
0.08131 0.09758
0.08173 0.09757
0.08217 0.09756
0.08261 0.09755
0.08307 0.09754
0.08355 0.09753
0.08403 0.09752
0.08453 0.09751
0.08504 0.09751
0.08555 0.09750
0.08608 0.09749
0.08662 0.09749
0.08717 0.09748
0.08773 0.09747
0.08829 0.09747
0.08887 0.09746
0.08945 0.09746
0.09004 0.09745
0.09064 0.09745
0.09124 0.09745
0.09185 0.09744
0.09246 0.09744
0.09309 0.09744
0.09371 0.09743
0.09432 0.09743
0.09498 0.09743
0.09559 0.09743
0.09624 0.09743
0.09689 0.09743
0.09749 0.09743
0.09814 0.09743
0.09880 0.09743
0.09945 0.09743
0.10011 0.09743
0.10075 0.09744
0.10135 0.09744
0.10200 0.09744
0.10264 0.09744
0.10325 0.09745
0.10389 0.09745
0.10451 0.09745
0.10511 0.09746
0.10573 0.09746
0.10633 0.09747
0.10693 0.09748
0.10752 0.09748
0.10810 0.09749
0.10868 0.09749
0.10925 0.09750
0.10980 0.09751
0.11035 0.09752
0.11089 0.09752
0.11142 0.09753
0.11194 0.09754
0.11245 0.09755
0.11295 0.09756
0.11343 0.09757
0.11390 0.09758
0.11437 0.09759
0.11481 0.09760
0.11525 0.09761
0.11566 0.09762
0.11607 0.09763
0.11646 0.09764
0.11684 0.09765
0.11720 0.09766
0.11755 0.09767
0.11789 0.09769
0.11820 0.09770
0.11850 0.09771
0.11879 0.09772
0.11906 0.09774
0.11931 0.09775
0.11955 0.09776
0.11976 0.09777
0.11997 0.09779
0.12015 0.09780
0.12032 0.09781
0.12047 0.09783
0.12060 0.09784
0.12071 0.09785
0.12081 0.09787
0.12089 0.09788
0.12095 0.09789
0.12099 0.09791
0.12102 0.09792
0.12103 0.09793
0.12102 0.09795
0.12099 0.09796
0.12095 0.09797
0.12089 0.09799
0.12081 0.09800
0.12071 0.09801
0.12059 0.09802
0.12047 0.09804
0.12031 0.09805
0.12015 0.09806
0.11997 0.09808
0.11977 0.09809
0.11956 0.09810
0.11932 0.09811
0.11908 0.09812
0.11882 0.09814
0.11854 0.09815
0.11824 0.09816
0.11794 0.09817
0.11761 0.09818
0.11728 0.09819
0.11693 0.09820
0.11656 0.09821
0.11619 0.09822
0.11580 0.09823
0.11540 0.09824
0.11499 0.09825
0.11456 0.09826
0.11413 0.09827
0.11367 0.09828
0.11321 0.09829
0.11275 0.09830
0.11227 0.09831
0.11178 0.09831
0.11129 0.09832
0.11079 0.09833
0.11028 0.09833
0.10975 0.09834
0.10923 0.09835
0.10869 0.09835
0.10815 0.09836
0.10762 0.09836
0.10705 0.09837
0.10651 0.09837
0.10597 0.09838
0.10544 0.09838
0.10488 0.09839
0.10434 0.09839
0.10381 0.09839
0.10327 0.09839
0.10267 0.09840
0.10209 0.09840
0.10153 0.09840
0.10095 0.09840
0.10038 0.09840
0.09982 0.09840
0.09924 0.09840
0.09867 0.09840
0.09810 0.09840
0.09754 0.09840
0.09698 0.09840
0.09643 0.09840
0.09589 0.09840
0.09534 0.09840
0.09480 0.09840
0.09427 0.09839
0.09374 0.09839
0.09322 0.09839
0.09271 0.09839
0.09220 0.09838
0.09171 0.09838
0.09122 0.09837
0.09074 0.09837
0.09027 0.09837
0.08981 0.09836
0.08936 0.09836
0.08892 0.09835
0.08849 0.09835
0.08807 0.09834
0.08766 0.09833
0.08726 0.09833
0.08688 0.09832
0.08651 0.09832
0.08615 0.09831
0.08580 0.09830
0.08547 0.09829
0.08514 0.09829
0.08484 0.09828
0.08454 0.09827
0.08426 0.09826
0.08400 0.09826
0.08374 0.09825
0.08350 0.09824
0.08328 0.09823
0.08307 0.09822
0.08287 0.09822
0.08269 0.09821
0.08253 0.09820
0.08238 0.09819
0.08224 0.09818
0.08212 0.09817
0.08201 0.09816
0.08192 0.09815
0.08185 0.09815
0.08178 0.09814
0.08174 0.09813
0.08171 0.09812
0.08169 0.09811
0.08169 0.09810
0.08170 0.09809
0.08173 0.09808
0.08177 0.09807
0.08182 0.09807
0.08189 0.09806
0.08197 0.09805
0.08207 0.09804
0.08218 0.09803
0.08231 0.09802
0.08244 0.09801
0.08259 0.09801
0.08276 0.09800
0.08293 0.09799
0.08312 0.09798
0.08332 0.09797
0.08353 0.09797
0.08375 0.09796
0.08398 0.09795
0.08423 0.09794
0.08449 0.09794
0.08475 0.09793
0.08502 0.09792
0.08531 0.09791
0.08560 0.09791
0.08590 0.09790
0.08622 0.09790
0.08654 0.09789
0.08686 0.09788
0.08719 0.09788
0.08755 0.09787
0.08789 0.09787
0.08824 0.09786
0.08860 0.09786
0.08898 0.09785
0.08933 0.09785
0.08969 0.09784
0.09010 0.09784
0.09052 0.09783
0.09093 0.09783
0.09135 0.09783
0.09177 0.09782
0.09219 0.09782
0.09257 0.09782
0.09295 0.09782
0.09337 0.09781
0.09374 0.09781
0.09416 0.09781
0.09455 0.09781
0.09493 0.09781
0.09533 0.09781
0.09572 0.09780
0.09611 0.09780
0.09650 0.09780
0.09688 0.09780
0.09726 0.09780
0.09764 0.09780
0.09801 0.09780
0.09837 0.09780
0.09874 0.09780
0.09909 0.09780
0.09944 0.09780
0.09979 0.09781
0.10013 0.09781
0.10046 0.09781
0.10078 0.09781
0.10110 0.09781
0.10141 0.09781
0.10171 0.09782
0.10201 0.09782
0.10229 0.09782
0.10257 0.09782
0.10283 0.09782
0.10309 0.09783
0.10334 0.09783
0.10358 0.09783
0.10381 0.09784
0.10402 0.09784
0.10423 0.09784
0.10443 0.09785
0.10461 0.09785
0.10479 0.09785
0.10495 0.09786
0.10511 0.09786
0.10525 0.09786
0.10538 0.09787
0.10550 0.09787
0.10560 0.09788
0.10570 0.09788
0.10578 0.09788
0.10585 0.09789
0.10591 0.09789
0.10596 0.09790
0.10599 0.09790
0.10602 0.09791
0.10603 0.09791
0.10603 0.09791
0.10602 0.09792
0.10600 0.09792
0.10596 0.09793
0.10592 0.09793
0.10586 0.09793
0.10579 0.09794
0.10571 0.09794
0.10562 0.09795
0.10551 0.09795
0.10540 0.09795
0.10528 0.09796
0.10514 0.09796
0.10500 0.09797
0.10485 0.09797
0.10468 0.09797
0.10451 0.09798
0.10432 0.09798
0.10413 0.09798
0.10393 0.09799
0.10372 0.09799
0.10350 0.09799
0.10327 0.09799
0.10304 0.09800
0.10280 0.09800
0.10255 0.09800
0.10230 0.09800
0.10203 0.09801
0.10177 0.09801
0.10150 0.09801
0.10121 0.09801
0.10093 0.09801
0.10064 0.09801
0.10035 0.09801
0.10005 0.09802
0.09975 0.09802
0.09944 0.09802
0.09914 0.09802
0.09883 0.09802
0.09853 0.09802
0.09819 0.09802
0.09789 0.09802
0.09760 0.09802
0.09727 0.09802
0.09691 0.09802
0.09655 0.09802
0.09620 0.09802
0.09586 0.09802
0.09556 0.09801
0.09526 0.09801
0.09494 0.09801
0.09464 0.09801
0.09434 0.09801
0.09404 0.09801
0.09374 0.09800
0.09345 0.09800
0.09317 0.09800
0.09288 0.09800
0.09261 0.09799
0.09234 0.09799
0.09207 0.09799
0.09181 0.09798
0.09156 0.09798
0.09131 0.09798
0.09108 0.09797
0.09084 0.09797
0.09062 0.09797
0.09040 0.09796
