-0.00059 0.00029 0.00029
-0.00235 0.00118 0.00118
-0.00529 0.00265 0.00265
-0.00940 0.00470 0.00470
-0.01467 0.00734 0.00734
-0.02111 0.01055 0.01055
-0.02869 0.01434 0.01434
-0.03741 0.01871 0.01871
-0.04727 0.02363 0.02363
-0.05824 0.02912 0.02912
-0.07031 0.03515 0.03515
-0.08347 0.04173 0.04173
-0.09770 0.04885 0.04885
-0.11298 0.05649 0.05649
-0.12930 0.06465 0.06465
-0.14663 0.07331 0.07331
-0.16495 0.08247 0.08247
-0.18424 0.09212 0.09212
-0.20446 0.10223 0.10223
-0.22561 0.11280 0.11280
-0.24764 0.12382 0.12382
-0.27054 0.13527 0.13527
-0.29427 0.14714 0.14714
-0.31880 0.15940 0.15940
-0.34410 0.17205 0.17205
-0.37014 0.18507 0.18507
-0.39689 0.19845 0.19845
-0.42431 0.21215 0.21215
-0.45236 0.22618 0.22618
-0.48102 0.24051 0.24051
-0.51024 0.25512 0.25512
-0.53998 0.26999 0.26999
-0.57022 0.28511 0.28511
-0.60090 0.30045 0.30045
-0.63200 0.31600 0.31600
-0.66346 0.33173 0.33173
-0.69526 0.34763 0.34763
-0.72735 0.36368 0.36368
-0.75969 0.37985 0.37985
-0.79225 0.39612 0.39612
-0.82496 0.41248 0.41248
-0.85781 0.42890 0.42890
-0.89074 0.44537 0.44537
-0.92370 0.46185 0.46185
-0.95666 0.47833 0.47833
-0.98959 0.49479 0.49479
-1.02243 0.51121 0.51121
-1.05515 0.52757 0.52757
-1.08770 0.54385 0.54385
-1.12004 0.56002 0.56002
-1.15213 0.57606 0.57606
-1.18393 0.59197 0.59197
-1.21540 0.60770 0.60770
-1.24649 0.62324 0.62324
-1.27718 0.63859 0.63859
-1.30741 0.65370 0.65370
-1.33715 0.66858 0.66858
-1.36637 0.68318 0.68318
-1.39502 0.69751 0.69751
-1.42308 0.71154 0.71154
-1.45049 0.72525 0.72525
-1.47724 0.73862 0.73862
-1.50328 0.75164 0.75164
-1.52857 0.76429 0.76429
-1.55311 0.77655 0.77655
-1.57683 0.78842 0.78842
-1.59973 0.79986 0.79986
-1.62176 0.81088 0.81088
-1.64290 0.82145 0.82145
-1.66313 0.83156 0.83156
-1.68241 0.84121 0.84121
-1.70073 0.85037 0.85037
-1.71806 0.85903 0.85903
-1.73437 0.86719 0.86719
-1.74965 0.87483 0.87483
-1.76388 0.88194 0.88194
-1.77704 0.88852 0.88852
-1.78911 0.89455 0.89455
-1.80008 0.90004 0.90004
-1.80993 0.90496 0.90496
-1.81865 0.90932 0.90932
-1.82623 0.91311 0.91311
-1.83265 0.91633 0.91633
-1.83793 0.91896 0.91896
-1.84203 0.92102 0.92102
-1.84497 0.92248 0.92248
-1.84673 0.92336 0.92336
-1.84731 0.92366 0.92366
-1.84672 0.92336 0.92336
-1.84495 0.92247 0.92247
-1.84201 0.92100 0.92100
-1.83789 0.91895 0.91895
-1.83261 0.91631 0.91631
-1.82617 0.91309 0.91309
-1.81859 0.90929 0.90929
-1.80986 0.90493 0.90493
-1.80000 0.90000 0.90000
-1.78903 0.89451 0.89451
-1.77695 0.88847 0.88847
-1.76378 0.88189 0.88189
-1.74955 0.87477 0.87477
-1.73426 0.86713 0.86713
-1.71793 0.85897 0.85897
-1.70060 0.85030 0.85030
-1.68228 0.84114 0.84114
-1.66298 0.83149 0.83149
-1.64275 0.82138 0.82138
-1.62160 0.81080 0.81080
-1.59956 0.79978 0.79978
-1.57666 0.78833 0.78833
-1.55293 0.77646 0.77646
-1.52839 0.76419 0.76419
-1.50308 0.75154 0.75154
-1.47704 0.73852 0.73852
-1.45029 0.72514 0.72514
-1.42287 0.71143 0.71143
-1.39481 0.69740 0.69740
-1.36615 0.68307 0.68307
-1.33693 0.66846 0.66846
-1.30718 0.65359 0.65359
-1.27694 0.63847 0.63847
-1.24625 0.62313 0.62313
-1.21515 0.60758 0.60758
-1.18368 0.59184 0.59184
-1.15188 0.57594 0.57594
-1.11978 0.55989 0.55989
-1.08744 0.54372 0.54372
-1.05488 0.52744 0.52744
-1.02216 0.51108 0.51108
-0.98932 0.49466 0.49466
-0.95639 0.47819 0.47819
-0.92343 0.46171 0.46171
-0.89047 0.44523 0.44523
-0.85754 0.42877 0.42877
-0.82469 0.41235 0.41235
-0.79197 0.39599 0.39599
-0.75942 0.37971 0.37971
-0.72708 0.36354 0.36354
-0.69499 0.34749 0.34749
-0.66319 0.33159 0.33159
-0.63172 0.31586 0.31586
-0.60063 0.30031 0.30031
-0.56994 0.28497 0.28497
-0.53971 0.26985 0.26985
-0.50996 0.25498 0.25498
-0.48075 0.24037 0.24037
-0.45209 0.22605 0.22605
-0.42404 0.21202 0.21202
-0.39663 0.19831 0.19831
-0.36988 0.18494 0.18494
-0.34385 0.17192 0.17192
-0.31855 0.15927 0.15927
-0.29402 0.14701 0.14701
-0.27030 0.13515 0.13515
-0.24740 0.12370 0.12370
-0.22537 0.11269 0.11269
-0.20423 0.10212 0.10212
-0.18401 0.09200 0.09200
-0.16473 0.08236 0.08236
-0.14641 0.07321 0.07321
-0.12909 0.06454 0.06454
-0.11278 0.05639 0.05639
-0.09750 0.04875 0.04875
-0.08327 0.04164 0.04164
-0.07012 0.03506 0.03506
-0.05805 0.02903 0.02903
-0.04709 0.02355 0.02355
-0.03725 0.01862 0.01862
-0.02853 0.01426 0.01426
-0.02095 0.01048 0.01048
-0.01453 0.00726 0.00726
-0.00926 0.00463 0.00463
-0.00516 0.00258 0.00258
-0.00223 0.00112 0.00112
-0.00047 0.00024 0.00024
0.00010 -0.00005 -0.00005
-0.00049 0.00025 0.00025
-0.00227 0.00113 0.00113
-0.00522 0.00261 0.00261
-0.00933 0.00467 0.00467
-0.01462 0.00731 0.00731
-0.02106 0.01053 0.01053
-0.02865 0.01433 0.01433
-0.03739 0.01869 0.01869
-0.04725 0.02363 0.02363
-0.05823 0.02912 0.02912
-0.07031 0.03516 0.03516
-0.08348 0.04174 0.04174
-0.09773 0.04886 0.04886
-0.11302 0.05651 0.05651
-0.12935 0.06467 0.06467
-0.14669 0.07334 0.07334
-0.16502 0.08251 0.08251
-0.18431 0.09216 0.09216
-0.20455 0.10228 0.10228
-0.22571 0.11285 0.11285
-0.24775 0.12388 0.12388
-0.27066 0.13533 0.13533
-0.29440 0.14720 0.14720
-0.31894 0.15947 0.15947
