-0.00041 0.00029 0.00011
-0.00163 0.00118 0.00045
-0.00366 0.00265 0.00102
-0.00651 0.00470 0.00181
-0.01016 0.00734 0.00282
-0.01462 0.01056 0.00406
-0.01987 0.01436 0.00552
-0.02592 0.01873 0.00719
-0.03275 0.02367 0.00909
-0.04036 0.02917 0.01119
-0.04873 0.03523 0.01351
-0.05787 0.04184 0.01603
-0.06775 0.04899 0.01876
-0.07836 0.05668 0.02168
-0.08970 0.06490 0.02480
-0.10175 0.07363 0.02812
-0.11450 0.08288 0.03161
-0.12792 0.09263 0.03529
-0.14201 0.10286 0.03915
-0.15675 0.11358 0.04317
-0.17212 0.12476 0.04736
-0.18810 0.13640 0.05171
-0.20468 0.14848 0.05621
-0.22184 0.16099 0.06085
-0.23954 0.17391 0.06563
-0.25779 0.18724 0.07055
-0.27654 0.20096 0.07558
-0.29579 0.21505 0.08074
-0.31550 0.22950 0.08600
-0.33566 0.24429 0.09137
-0.35624 0.25941 0.09683
-0.37722 0.27484 0.10238
-0.39857 0.29057 0.10800
-0.42027 0.30658 0.11369
-0.44229 0.32285 0.11945
-0.46461 0.33936 0.12525
-0.48721 0.35610 0.13110
-0.51004 0.37305 0.13699
-0.53309 0.39019 0.14290
-0.55634 0.40751 0.14883
-0.57975 0.42497 0.15478
-0.60330 0.44258 0.16072
-0.62695 0.46030 0.16664
-0.65069 0.47813 0.17256
-0.67447 0.49603 0.17844
-0.69830 0.51400 0.18431
-0.72213 0.53200 0.19013
-0.74591 0.55004 0.19587
-0.76965 0.56810 0.20155
-0.79329 0.58612 0.20717
-0.81683 0.60412 0.21271
-0.84022 0.62206 0.21816
-0.86345 0.63993 0.22353
-0.88649 0.65772 0.22878
-0.90931 0.67539 0.23392
-0.93189 0.69295 0.23894
-0.95419 0.71035 0.24383
-0.97619 0.72760 0.24859
-0.99787 0.74467 0.25320
-1.01921 0.76155 0.25766
-1.04017 0.77821 0.26196
-1.06073 0.79464 0.26609
-1.08088 0.81082 0.27006
-1.10058 0.82674 0.27384
-1.11982 0.84238 0.27744
-1.13857 0.85773 0.28084
-1.15681 0.87276 0.28405
-1.17452 0.88747 0.28706
-1.19169 0.90184 0.28985
-1.20828 0.91585 0.29243
-1.22429 0.92949 0.29480
-1.23969 0.94275 0.29694
-1.25446 0.95562 0.29885
-1.26860 0.96807 0.30053
-1.28209 0.98011 0.30197
-1.29490 0.99172 0.30318
-1.30703 1.00288 0.30414
-1.31845 1.01359 0.30487
-1.32917 1.02384 0.30534
-1.33917 1.03361 0.30556
-1.34844 1.04290 0.30554
-1.35696 1.05170 0.30526
-1.36473 1.06000 0.30473
-1.37174 1.06780 0.30395
-1.37799 1.07508 0.30291
-1.38346 1.08184 0.30161
-1.38815 1.08808 0.30007
-1.39206 1.09379 0.29827
-1.39518 1.09896 0.29621
-1.39751 1.10360 0.29391
-1.39905 1.10769 0.29136
-1.39980 1.11125 0.28855
-1.39976 1.11425 0.28551
-1.39892 1.11670 0.28222
-1.39730 1.11861 0.27869
-1.39490 1.11997 0.27493
-1.39171 1.12078 0.27093
-1.38775 1.12104 0.26671
-1.38301 1.12075 0.26226
-1.37751 1.11992 0.25760
-1.37126 1.11854 0.25272
-1.36426 1.11663 0.24762
-1.35652 1.11419 0.24233
-1.34805 1.11121 0.23684
-1.33886 1.10771 0.23115
-1.32897 1.10368 0.22529
-1.31839 1.09915 0.21925
-1.30713 1.09410 0.21303
-1.29520 1.08856 0.20664
-1.28263 1.08252 0.20011
-1.26942 1.07600 0.19342
-1.25559 1.06900 0.18660
-1.24117 1.06153 0.17963
-1.22616 1.05361 0.17255
-1.21059 1.04524 0.16535
-1.19448 1.03644 0.15804
-1.17784 1.02720 0.15064
-1.16070 1.01756 0.14314
-1.14308 1.00751 0.13557
-1.12501 0.99708 0.12793
-1.10648 0.98626 0.12022
-1.08755 0.97509 0.11247
-1.06823 0.96356 0.10467
-1.04853 0.95169 0.09684
-1.02850 0.93950 0.08899
-1.00813 0.92701 0.08113
-0.98748 0.91421 0.07326
-0.96655 0.90114 0.06541
-0.94538 0.88781 0.05758
-0.92400 0.87423 0.04977
-0.90242 0.86041 0.04200
-0.88066 0.84638 0.03429
-0.85877 0.83214 0.02663
-0.83676 0.81772 0.01904
-0.81467 0.80313 0.01154
-0.79251 0.78840 0.00411
-0.77033 0.77352 -0.00318
-0.74812 0.75852 -0.01041
-0.72594 0.74342 -0.01748
-0.70380 0.72824 -0.02444
-0.68172 0.71298 -0.03126
-0.65975 0.69767 -0.03792
-0.63789 0.68233 -0.04445
-0.61618 0.66696 -0.05077
-0.59465 0.65158 -0.05693
-0.57331 0.63622 -0.06291
-0.55220 0.62090 -0.06870
-0.53134 0.60563 -0.07430
-0.51075 0.59042 -0.07967
-0.49045 0.57529 -0.08484
-0.47048 0.56026 -0.08978
-0.45085 0.54533 -0.09448
-0.43159 0.53054 -0.09895
-0.41271 0.51588 -0.10317
-0.39425 0.50138 -0.10713
-0.37622 0.48706 -0.11084
-0.35864 0.47292 -0.11427
-0.34154 0.45898 -0.11744
-0.32492 0.44525 -0.12033
-0.30882 0.43176 -0.12294
-0.29325 0.41851 -0.12526
-0.27822 0.40551 -0.12729
-0.26376 0.39278 -0.12902
-0.24987 0.38033 -0.13046
-0.23659 0.36817 -0.13159
-0.22391 0.35632 -0.13241
-0.21185 0.34478 -0.13293
-0.20044 0.33357 -0.13313
-0.18967 0.32270 -0.13303
-0.17956 0.31217 -0.13260
-0.17013 0.30200 -0.13187
-0.16137 0.29219 -0.13081
-0.15331 0.28275 -0.12944
-0.14595 0.27370 -0.12775
-0.13929 0.26503 -0.12575
-0.13334 0.25677 -0.12343
-0.12811 0.24890 -0.12079
-0.12360 0.24144 -0.11784
-0.11982 0.23440 -0.11458
-0.11677 0.22778 -0.11102
-0.11444 0.22158 -0.10714
-0.11285 0.21582 -0.10296
-0.11200 0.21048 -0.09848
-0.11187 0.20558 -0.09371
-0.11247 0.20111 -0.08864
-0.11380 0.19709 -0.08329
-0.11586 0.19351 -0.07765
-0.11863 0.19037 -0.07174
-0.12212 0.18767 -0.06555
-0.12631 0.18542 -0.05910
-0.13121 0.18361 -0.05239
-0.13680 0.18224 -0.04543
-0.14308 0.18131 -0.03823
-0.15003 0.18081 -0.03078
-0.15765 0.18076 -0.02311
-0.16592 0.18113 -0.01521
-0.17484 0.18193 -0.00709
-0.18438 0.18316 0.00122
-0.19455 0.18481 0.00974
-0.20531 0.18687 0.01844
