-0.00036 0.00029 0.00007
-0.00144 0.00118 0.00026
-0.00323 0.00265 0.00059
-0.00575 0.00470 0.00104
-0.00897 0.00734 0.00163
-0.01291 0.01056 0.00235
-0.01755 0.01436 0.00319
-0.02289 0.01873 0.00416
-0.02893 0.02368 0.00526
-0.03566 0.02918 0.00648
-0.04307 0.03525 0.00783
-0.05116 0.04187 0.00929
-0.05991 0.04903 0.01088
-0.06933 0.05674 0.01259
-0.07938 0.06497 0.01441
-0.09008 0.07373 0.01635
-0.10141 0.08300 0.01840
-0.11334 0.09278 0.02056
-0.12588 0.10306 0.02283
-0.13902 0.11381 0.02520
-0.15272 0.12504 0.02768
-0.16699 0.13674 0.03026
-0.18181 0.14888 0.03293
-0.19716 0.16146 0.03569
-0.21302 0.17447 0.03855
-0.22939 0.18789 0.04150
-0.24624 0.20171 0.04453
-0.26355 0.21592 0.04763
-0.28131 0.23049 0.05082
-0.29951 0.24542 0.05408
-0.31811 0.26069 0.05741
-0.33710 0.27629 0.06081
-0.35647 0.29220 0.06427
-0.37619 0.30840 0.06779
-0.39624 0.32488 0.07136
-0.41660 0.34162 0.07498
-0.43726 0.35860 0.07865
-0.45818 0.37582 0.08236
-0.47935 0.39324 0.08611
-0.50074 0.41085 0.08990
-0.52234 0.42864 0.09371
-0.54412 0.44658 0.09755
-0.56606 0.46466 0.10140
-0.58814 0.48286 0.10528
-0.61033 0.50117 0.10917
-0.63261 0.51955 0.11305
-0.65496 0.53801 0.11695
-0.67736 0.55650 0.12086
-0.69977 0.57504 0.12473
-0.72218 0.59358 0.12861
-0.74458 0.61211 0.13247
-0.76693 0.63061 0.13632
-0.78920 0.64906 0.14014
-0.81138 0.66745 0.14393
-0.83344 0.68575 0.14769
-0.85537 0.70396 0.15142
-0.87713 0.72204 0.15510
-0.89872 0.73998 0.15874
-0.92009 0.75776 0.16233
-0.94124 0.77538 0.16586
-0.96214 0.79280 0.16934
-0.98276 0.81001 0.17275
-1.00310 0.82700 0.17610
-1.02312 0.84374 0.17938
-1.04281 0.86022 0.18259
-1.06214 0.87643 0.18571
-1.08111 0.89235 0.18876
-1.09967 0.90795 0.19172
-1.11783 0.92323 0.19460
-1.13555 0.93817 0.19737
-1.15282 0.95276 0.20006
-1.16963 0.96698 0.20265
-1.18595 0.98082 0.20514
-1.20178 0.99426 0.20752
-1.21708 1.00729 0.20979
-1.23185 1.01989 0.21196
-1.24608 1.03207 0.21401
-1.25974 1.04380 0.21594
-1.27282 1.05506 0.21776
-1.28532 1.06586 0.21946
-1.29721 1.07618 0.22103
-1.30848 1.08600 0.22248
-1.31913 1.09533 0.22381
-1.32915 1.10415 0.22500
-1.33851 1.11245 0.22606
-1.34722 1.12022 0.22700
-1.35526 1.12746 0.22780
-1.36262 1.13416 0.22846
-1.36931 1.14032 0.22899
-1.37531 1.14592 0.22939
-1.38061 1.15096 0.22965
-1.38521 1.15544 0.22977
-1.38910 1.15935 0.22975
-1.39229 1.16270 0.22959
-1.39476 1.16546 0.22930
-1.39652 1.16766 0.22886
-1.39756 1.16927 0.22829
-1.39789 1.17031 0.22758
-1.39750 1.17077 0.22673
-1.39639 1.17065 0.22574
-1.39457 1.16995 0.22462
-1.39203 1.16867 0.22336
-1.38878 1.16681 0.22197
-1.38482 1.16438 0.22044
-1.38016 1.16138 0.21878
-1.37480 1.15781 0.21699
-1.36875 1.15368 0.21507
-1.36201 1.14899 0.21302
-1.35459 1.14375 0.21084
-1.34650 1.13795 0.20855
-1.33775 1.13162 0.20613
-1.32834 1.12475 0.20359
-1.31828 1.11735 0.20093
-1.30760 1.10944 0.19816
-1.29629 1.10100 0.19528
-1.28437 1.09207 0.19229
-1.27185 1.08265 0.18920
-1.25874 1.07274 0.18600
-1.24506 1.06236 0.18270
-1.23082 1.05152 0.17930
-1.21604 1.04023 0.17581
-1.20073 1.02849 0.17224
-1.18491 1.01634 0.16857
-1.16859 1.00376 0.16483
-1.15180 0.99079 0.16100
-1.13454 0.97743 0.15711
-1.11684 0.96370 0.15314
-1.09871 0.94961 0.14910
-1.08018 0.93517 0.14500
-1.06126 0.92041 0.14085
-1.04197 0.90533 0.13664
-1.02233 0.88995 0.13238
-1.00236 0.87429 0.12808
-0.98209 0.85836 0.12373
-0.96153 0.84218 0.11935
-0.94071 0.82577 0.11494
-0.91965 0.80914 0.11050
-0.89836 0.79232 0.10604
-0.87687 0.77531 0.10156
-0.85520 0.75813 0.09707
-0.83339 0.74081 0.09257
-0.81143 0.72336 0.08807
-0.78937 0.70580 0.08357
-0.76722 0.68814 0.07908
-0.74501 0.67041 0.07460
-0.72276 0.65262 0.07014
-0.70047 0.63480 0.06567
-0.67819 0.61697 0.06122
-0.65595 0.59911 0.05684
-0.63376 0.58129 0.05247
-0.61165 0.56349 0.04816
-0.58963 0.54574 0.04389
-0.56773 0.52806 0.03967
-0.54597 0.51046 0.03551
-0.52438 0.49298 0.03140
-0.50297 0.47561 0.02735
-0.48177 0.45839 0.02338
-0.46080 0.44133 0.01947
-0.44008 0.42444 0.01564
-0.41964 0.40775 0.01189
-0.39949 0.39126 0.00823
-0.37965 0.37500 0.00465
-0.36015 0.35899 0.00117
-0.34101 0.34323 -0.00222
-0.32224 0.32775 -0.00550
-0.30387 0.31255 -0.00869
-0.28591 0.29767 -0.01176
-0.26838 0.28310 -0.01472
-0.25130 0.26887 -0.01757
-0.23469 0.25499 -0.02030
-0.21857 0.24147 -0.02291
-0.20294 0.22833 -0.02539
-0.18784 0.21558 -0.02775
-0.17326 0.20323 -0.02997
-0.15923 0.19130 -0.03206
-0.14577 0.17979 -0.03402
-0.13288 0.16872 -0.03584
-0.12058 0.15810 -0.03752
-0.10888 0.14794 -0.03905
-0.09780 0.13825 -0.04044
-0.08734 0.12903 -0.04169
-0.07752 0.12031 -0.04279
-0.06834 0.11208 -0.04373
-0.05982 0.10435 -0.04453
-0.05197 0.09714 -0.04517
-0.04478 0.09044 -0.04566
-0.03827 0.08427 -0.04600
-0.03245 0.07863 -0.04618
-0.02732 0.07353 -0.04620
-0.02289 0.06896 -0.04607
-0.01916 0.06494 -0.04578
-0.01614 0.06147 -0.04533
-0.01382 0.05855 -0.04473
-0.01222 0.05618 -0.04397
-0.01132 0.05437 -0.04305
-0.01114 0.05312 -0.04198
-0.01167 0.05242 -0.04075
-0.01292 0.05228 -0.03937
-0.01487 0.05270 -0.03783
-0.01753 0.05367 -0.03614
