-0.00034 0.00029 0.00005
-0.00136 0.00118 0.00018
-0.00306 0.00265 0.00041
-0.00544 0.00470 0.00073
-0.00849 0.00734 0.00115
-0.01221 0.01056 0.00165
-0.01661 0.01436 0.00224
-0.02166 0.01874 0.00293
-0.02738 0.02368 0.00370
-0.03375 0.02919 0.00456
-0.04077 0.03526 0.00551
-0.04843 0.04188 0.00655
-0.05672 0.04905 0.00767
-0.06564 0.05676 0.00887
-0.07517 0.06501 0.01016
-0.08531 0.07377 0.01154
-0.09605 0.08306 0.01299
-0.10737 0.09285 0.01452
-0.11927 0.10314 0.01613
-0.13174 0.11392 0.01782
-0.14475 0.12517 0.01959
-0.15831 0.13689 0.02142
-0.17239 0.14906 0.02333
-0.18698 0.16167 0.02531
-0.20207 0.17472 0.02736
-0.21765 0.18818 0.02947
-0.23369 0.20205 0.03164
-0.25018 0.21630 0.03388
-0.26711 0.23093 0.03618
-0.28446 0.24592 0.03854
-0.30222 0.26126 0.04095
-0.32035 0.27694 0.04342
-0.33886 0.29292 0.04593
-0.35771 0.30921 0.04850
-0.37690 0.32579 0.05111
-0.39639 0.34263 0.05377
-0.41618 0.35972 0.05646
-0.43625 0.37705 0.05920
-0.45656 0.39460 0.06197
-0.47712 0.41234 0.06477
-0.49788 0.43027 0.06761
-0.51885 0.44837 0.07048
-0.53998 0.46661 0.07337
-0.56127 0.48499 0.07628
-0.58268 0.50348 0.07921
-0.60422 0.52205 0.08216
-0.62583 0.54071 0.08513
-0.64752 0.55942 0.08810
-0.66926 0.57818 0.09109
-0.69102 0.59695 0.09407
-0.71278 0.61573 0.09705
-0.73453 0.63450 0.10003
-0.75624 0.65321 0.10303
-0.77790 0.67188 0.10602
-0.79948 0.69048 0.10900
-0.82095 0.70898 0.11197
-0.84231 0.72738 0.11493
-0.86352 0.74565 0.11787
-0.88457 0.76377 0.12079
-0.90543 0.78173 0.12370
-0.92609 0.79952 0.12657
-0.94652 0.81710 0.12942
-0.96671 0.83447 0.13224
-0.98664 0.85161 0.13503
-1.00628 0.86850 0.13778
-1.02562 0.88512 0.14049
-1.04464 0.90147 0.14317
-1.06331 0.91751 0.14580
-1.08163 0.93324 0.14839
-1.09957 0.94864 0.15093
-1.11712 0.96369 0.15343
-1.13426 0.97839 0.15587
-1.15097 0.99271 0.15826
-1.16723 1.00664 0.16059
-1.18303 1.02018 0.16286
-1.19836 1.03329 0.16507
-1.21320 1.04598 0.16722
-1.22753 1.05823 0.16930
-1.24134 1.07002 0.17132
-1.25462 1.08135 0.17327
-1.26736 1.09221 0.17515
-1.27953 1.10258 0.17696
-1.29114 1.11245 0.17869
-1.30217 1.12182 0.18035
-1.31260 1.13066 0.18194
-1.32243 1.13899 0.18344
-1.33165 1.14678 0.18487
-1.34025 1.15403 0.18622
-1.34822 1.16073 0.18748
-1.35555 1.16688 0.18867
-1.36224 1.17248 0.18976
-1.36828 1.17750 0.19078
-1.37366 1.18195 0.19171
-1.37838 1.18582 0.19255
-1.38243 1.18912 0.19331
-1.38581 1.19183 0.19398
-1.38852 1.19396 0.19456
-1.39055 1.19550 0.19505
-1.39190 1.19645 0.19546
-1.39258 1.19681 0.19577
-1.39257 1.19658 0.19599
-1.39188 1.19575 0.19613
-1.39052 1.19434 0.19618
-1.38847 1.19234 0.19613
-1.38575 1.18975 0.19600
-1.38235 1.18657 0.19578
-1.37829 1.18282 0.19547
-1.37356 1.17848 0.19508
-1.36816 1.17358 0.19459
-1.36212 1.16810 0.19402
-1.35541 1.16206 0.19336
-1.34807 1.15546 0.19261
-1.34009 1.14831 0.19178
-1.33148 1.14062 0.19087
-1.32225 1.13238 0.18987
-1.31241 1.12362 0.18879
-1.30197 1.11434 0.18763
-1.29093 1.10454 0.18639
-1.27932 1.09425 0.18507
-1.26713 1.08346 0.18368
-1.25439 1.07218 0.18221
-1.24110 1.06044 0.18066
-1.22728 1.04823 0.17905
-1.21294 1.03558 0.17736
-1.19810 1.02250 0.17560
-1.18277 1.00899 0.17378
-1.16696 0.99507 0.17189
-1.15069 0.98075 0.16994
-1.13398 0.96606 0.16792
-1.11684 0.95099 0.16585
-1.09929 0.93558 0.16372
-1.08135 0.91982 0.16153
-1.06303 0.90374 0.15929
-1.04435 0.88736 0.15700
-1.02534 0.87068 0.15466
-1.00601 0.85373 0.15228
-0.98636 0.83652 0.14984
-0.96644 0.81907 0.14737
-0.94626 0.80139 0.14486
-0.92583 0.78351 0.14231
-0.90517 0.76544 0.13973
-0.88432 0.74720 0.13712
-0.86328 0.72880 0.13448
-0.84207 0.71026 0.13181
-0.82073 0.69161 0.12912
-0.79926 0.67286 0.12640
-0.77770 0.65403 0.12367
-0.75606 0.63513 0.12092
-0.73436 0.61618 0.11818
-0.71261 0.59723 0.11538
-0.69085 0.57828 0.11258
-0.66910 0.55932 0.10978
-0.64738 0.54038 0.10700
-0.62571 0.52150 0.10421
-0.60410 0.50268 0.10142
-0.58259 0.48394 0.09865
-0.56119 0.46531 0.09588
-0.53992 0.44680 0.09312
-0.51881 0.42843 0.09038
-0.49787 0.41022 0.08765
-0.47713 0.39219 0.08494
-0.45660 0.37434 0.08226
-0.43630 0.35671 0.07959
-0.41627 0.33931 0.07696
-0.39650 0.32215 0.07435
-0.37703 0.30525 0.07178
-0.35787 0.28863 0.06924
-0.33904 0.27231 0.06673
-0.32057 0.25630 0.06427
-0.30246 0.24061 0.06185
-0.28473 0.22527 0.05947
-0.26741 0.21028 0.05713
-0.25051 0.19566 0.05485
-0.23405 0.18143 0.05261
-0.21804 0.16760 0.05043
-0.20249 0.15419 0.04831
-0.18743 0.14120 0.04623
-0.17287 0.12865 0.04422
-0.15882 0.11655 0.04227
-0.14530 0.10492 0.04038
-0.13232 0.09376 0.03855
-0.11988 0.08309 0.03679
-0.10802 0.07292 0.03510
-0.09672 0.06325 0.03347
-0.08602 0.05410 0.03192
-0.07591 0.04547 0.03044
-0.06641 0.03738 0.02903
-0.05752 0.02983 0.02769
-0.04927 0.02283 0.02643
-0.04164 0.01639 0.02525
-0.03465 0.01051 0.02414
-0.02832 0.00520 0.02311
-0.02263 0.00046 0.02217
-0.01760 -0.00370 0.02130
-0.01324 -0.00727 0.02051
-0.00955 -0.01026 0.01981
-0.00653 -0.01266 0.01919
-0.00418 -0.01446 0.01865
-0.00251 -0.01568 0.01819
-0.00152 -0.01630 0.01782
