-0.00033 0.00029 0.00004
-0.00132 0.00118 0.00014
-0.00296 0.00265 0.00032
-0.00527 0.00470 0.00057
-0.00823 0.00734 0.00088
-0.01184 0.01056 0.00127
-0.01609 0.01436 0.00173
-0.02100 0.01874 0.00226
-0.02654 0.02368 0.00286
-0.03271 0.02919 0.00352
-0.03952 0.03526 0.00425
-0.04694 0.04189 0.00505
-0.05498 0.04906 0.00592
-0.06363 0.05678 0.00685
-0.07288 0.06502 0.00785
-0.08271 0.07380 0.00892
-0.09313 0.08309 0.01004
-0.10412 0.09289 0.01123
-0.11567 0.10319 0.01248
-0.12776 0.11397 0.01379
-0.14040 0.12524 0.01516
-0.15356 0.13697 0.01659
-0.16723 0.14916 0.01807
-0.18141 0.16179 0.01961
-0.19607 0.17486 0.02121
-0.21120 0.18834 0.02286
-0.22679 0.20223 0.02456
-0.24282 0.21651 0.02631
-0.25929 0.23117 0.02811
-0.27616 0.24620 0.02996
-0.29343 0.26158 0.03185
-0.31108 0.27729 0.03379
-0.32909 0.29332 0.03577
-0.34745 0.30966 0.03779
-0.36614 0.32629 0.03985
-0.38514 0.34319 0.04195
-0.40443 0.36034 0.04409
-0.42399 0.37773 0.04626
-0.44381 0.39535 0.04846
-0.46386 0.41318 0.05069
-0.48414 0.43119 0.05295
-0.50461 0.44937 0.05524
-0.52526 0.46771 0.05755
-0.54606 0.48618 0.05989
-0.56701 0.50477 0.06224
-0.58808 0.52345 0.06462
-0.60924 0.54222 0.06702
-0.63049 0.56105 0.06943
-0.65179 0.57994 0.07185
-0.67313 0.59884 0.07429
-0.69446 0.61773 0.07673
-0.71580 0.63662 0.07918
-0.73714 0.65551 0.08164
-0.75843 0.67433 0.08409
-0.77966 0.69309 0.08656
-0.80079 0.71178 0.08902
-0.82183 0.73035 0.09148
-0.84275 0.74881 0.09394
-0.86352 0.76713 0.09639
-0.88413 0.78530 0.09883
-0.90455 0.80329 0.10126
-0.92477 0.82109 0.10368
-0.94477 0.83869 0.10609
-0.96453 0.85605 0.10848
-0.98403 0.87318 0.11085
-1.00324 0.89005 0.11320
-1.02217 0.90664 0.11553
-1.04078 0.92294 0.11784
-1.05906 0.93894 0.12012
-1.07698 0.95461 0.12237
-1.09455 0.96994 0.12460
-1.11173 0.98493 0.12680
-1.12850 0.99954 0.12896
-1.14487 1.01377 0.13110
-1.16080 1.02760 0.13319
-1.17628 1.04103 0.13525
-1.19130 1.05403 0.13727
-1.20585 1.06660 0.13925
-1.21991 1.07871 0.14120
-1.23347 1.09037 0.14310
-1.24651 1.10156 0.14495
-1.25902 1.11226 0.14676
-1.27099 1.12248 0.14852
-1.28242 1.13218 0.15024
-1.29328 1.14138 0.15190
-1.30357 1.15006 0.15351
-1.31327 1.15820 0.15508
-1.32239 1.16580 0.15658
-1.33090 1.17286 0.15804
-1.33881 1.17936 0.15945
-1.34611 1.18531 0.16079
-1.35278 1.19069 0.16209
-1.35882 1.19550 0.16332
-1.36423 1.19973 0.16450
-1.36899 1.20338 0.16561
-1.37312 1.20645 0.16667
-1.37660 1.20893 0.16767
-1.37942 1.21081 0.16861
-1.38160 1.21211 0.16949
-1.38312 1.21281 0.17030
-1.38398 1.21292 0.17106
-1.38418 1.21243 0.17175
-1.38373 1.21135 0.17238
-1.38262 1.20967 0.17295
-1.38085 1.20739 0.17346
-1.37843 1.20453 0.17390
-1.37536 1.20108 0.17428
-1.37164 1.19704 0.17460
-1.36727 1.19242 0.17486
-1.36227 1.18721 0.17505
-1.35662 1.18144 0.17518
-1.35035 1.17510 0.17525
-1.34345 1.16820 0.17526
-1.33594 1.16073 0.17520
-1.32781 1.15273 0.17508
-1.31908 1.14417 0.17491
-1.30976 1.13509 0.17467
-1.29985 1.12547 0.17438
-1.28937 1.11534 0.17403
-1.27832 1.10471 0.17361
-1.26672 1.09358 0.17314
-1.25457 1.08196 0.17261
-1.24189 1.06986 0.17203
-1.22869 1.05730 0.17139
-1.21498 1.04428 0.17070
-1.20078 1.03083 0.16996
-1.18610 1.01694 0.16916
-1.17096 1.00265 0.16831
-1.15536 0.98794 0.16742
-1.13932 0.97286 0.16647
-1.12287 0.95740 0.16547
-1.10600 0.94157 0.16443
-1.08875 0.92541 0.16334
-1.07113 0.90892 0.16221
-1.05315 0.89211 0.16104
-1.03483 0.87501 0.15982
-1.01619 0.85762 0.15857
-0.99724 0.83998 0.15727
-0.97802 0.82208 0.15594
-0.95852 0.80395 0.15457
-0.93878 0.78561 0.15317
-0.91881 0.76707 0.15173
-0.89863 0.74836 0.15027
-0.87825 0.72948 0.14877
-0.85771 0.71046 0.14725
-0.83702 0.69132 0.14570
-0.81619 0.67207 0.14413
-0.79525 0.65272 0.14253
-0.77423 0.63331 0.14091
-0.75313 0.61385 0.13927
-0.73197 0.59436 0.13761
-0.71080 0.57487 0.13593
-0.68958 0.55538 0.13420
-0.66841 0.53589 0.13252
-0.64725 0.51646 0.13079
-0.62615 0.49708 0.12907
-0.60512 0.47778 0.12734
-0.58417 0.45857 0.12560
-0.56334 0.43948 0.12386
-0.54264 0.42053 0.12211
-0.52209 0.40172 0.12036
-0.50171 0.38309 0.11862
-0.48152 0.36464 0.11687
-0.46153 0.34640 0.11513
-0.44178 0.32838 0.11340
-0.42227 0.31060 0.11167
-0.40303 0.29308 0.10995
-0.38407 0.27583 0.10824
-0.36541 0.25887 0.10654
-0.34707 0.24222 0.10485
-0.32907 0.22589 0.10318
-0.31142 0.20989 0.10153
-0.29415 0.19426 0.09989
-0.27726 0.17898 0.09828
-0.26078 0.16410 0.09668
-0.24471 0.14961 0.09511
-0.22909 0.13553 0.09356
-0.21391 0.12187 0.09203
-0.19919 0.10866 0.09053
-0.18496 0.09589 0.08906
-0.17121 0.08359 0.08762
-0.15798 0.07176 0.08621
-0.14525 0.06042 0.08483
-0.13306 0.04958 0.08348
-0.12142 0.03925 0.08217
-0.11032 0.02943 0.08089
-0.09979 0.02014 0.07965
-0.08983 0.01139 0.07844
-0.08045 0.00318 0.07727
-0.07166 -0.00448 0.07614
-0.06348 -0.01157 0.07505
-0.05590 -0.01810 0.07400
-0.04894 -0.02405 0.07299
-0.04260 -0.02942 0.07202
-0.03688 -0.03421 0.07109
-0.03180 -0.03841 0.07021
-0.02736 -0.04201 0.06937
-0.02356 -0.04501 0.06857
-0.02041 -0.04742 0.06782
-0.01790 -0.04922 0.06712
