-0.00032 0.00029 0.00003
-0.00129 0.00118 0.00012
-0.00291 0.00265 0.00026
-0.00516 0.00470 0.00046
-0.00806 0.00734 0.00072
-0.01160 0.01056 0.00104
-0.01577 0.01436 0.00141
-0.02058 0.01874 0.00184
-0.02601 0.02368 0.00232
-0.03206 0.02919 0.00287
-0.03873 0.03527 0.00346
-0.04601 0.04189 0.00412
-0.05389 0.04907 0.00482
-0.06237 0.05679 0.00558
-0.07143 0.06504 0.00640
-0.08108 0.07381 0.00727
-0.09129 0.08311 0.00818
-0.10207 0.09291 0.00916
-0.11339 0.10322 0.01018
-0.12526 0.11401 0.01125
-0.13765 0.12528 0.01237
-0.15056 0.13702 0.01354
-0.16397 0.14922 0.01475
-0.17788 0.16187 0.01602
-0.19227 0.17494 0.01732
-0.20712 0.18844 0.01868
-0.22242 0.20235 0.02007
-0.23816 0.21665 0.02151
-0.25432 0.23133 0.02299
-0.27089 0.24638 0.02451
-0.28785 0.26178 0.02607
-0.30518 0.27752 0.02767
-0.32288 0.29358 0.02930
-0.34091 0.30995 0.03097
-0.35928 0.32661 0.03267
-0.37795 0.34354 0.03441
-0.39691 0.36073 0.03617
-0.41614 0.37817 0.03797
-0.43563 0.39583 0.03980
-0.45536 0.41371 0.04165
-0.47530 0.43177 0.04353
-0.49545 0.45001 0.04544
-0.51577 0.46840 0.04737
-0.53625 0.48693 0.04932
-0.55688 0.50559 0.05129
-0.57763 0.52434 0.05328
-0.59848 0.54319 0.05529
-0.61942 0.56210 0.05731
-0.64041 0.58106 0.05936
-0.66146 0.60006 0.06140
-0.68252 0.61907 0.06344
-0.70360 0.63809 0.06552
-0.72464 0.65705 0.06759
-0.74567 0.67599 0.06968
-0.76664 0.69486 0.07178
-0.78753 0.71365 0.07387
-0.80833 0.73235 0.07598
-0.82901 0.75093 0.07808
-0.84956 0.76937 0.08019
-0.86996 0.78767 0.08229
-0.89019 0.80580 0.08439
-0.91023 0.82374 0.08648
-0.93005 0.84148 0.08857
-0.94965 0.85900 0.09065
-0.96901 0.87628 0.09272
-0.98809 0.89331 0.09478
-1.00690 0.91007 0.09683
-1.02540 0.92654 0.09886
-1.04359 0.94271 0.10088
-1.06145 0.95856 0.10289
-1.07895 0.97408 0.10487
-1.09609 0.98925 0.10684
-1.11284 1.00405 0.10879
-1.12920 1.01848 0.11072
-1.14513 1.03251 0.11262
-1.16064 1.04614 0.11450
-1.17571 1.05935 0.11636
-1.19032 1.07213 0.11819
-1.20445 1.08447 0.11999
-1.21811 1.09634 0.12176
-1.23126 1.10776 0.12350
-1.24390 1.11869 0.12521
-1.25603 1.12913 0.12690
-1.26761 1.13907 0.12854
-1.27866 1.14850 0.13016
-1.28915 1.15741 0.13174
-1.29908 1.16580 0.13328
-1.30843 1.17365 0.13479
-1.31721 1.18095 0.13626
-1.32539 1.18770 0.13769
-1.33298 1.19389 0.13908
-1.33996 1.19952 0.14044
-1.34633 1.20458 0.14175
-1.35209 1.20906 0.14302
-1.35722 1.21297 0.14425
-1.36172 1.21628 0.14544
-1.36560 1.21902 0.14658
-1.36884 1.22115 0.14769
-1.37144 1.22270 0.14874
-1.37341 1.22365 0.14976
-1.37474 1.22401 0.15073
-1.37542 1.22376 0.15165
-1.37546 1.22292 0.15253
-1.37485 1.22149 0.15337
-1.37361 1.21945 0.15415
-1.37172 1.21683 0.15490
-1.36920 1.21361 0.15559
-1.36604 1.20980 0.15624
-1.36225 1.20540 0.15685
-1.35782 1.20042 0.15740
-1.35278 1.19486 0.15791
-1.34711 1.18873 0.15838
-1.34083 1.18204 0.15880
-1.33395 1.17478 0.15917
-1.32646 1.16696 0.15950
-1.31837 1.15860 0.15978
-1.30970 1.14969 0.16002
-1.30046 1.14025 0.16020
-1.29064 1.13029 0.16035
-1.28026 1.11981 0.16046
-1.26934 1.10883 0.16051
-1.25787 1.09735 0.16053
-1.24588 1.08538 0.16049
-1.23337 1.07294 0.16042
-1.22035 1.06004 0.16031
-1.20684 1.04669 0.16016
-1.19286 1.03290 0.15996
-1.17840 1.01868 0.15972
-1.16350 1.00405 0.15945
-1.14816 0.98902 0.15914
-1.13238 0.97360 0.15878
-1.11621 0.95782 0.15839
-1.09964 0.94168 0.15797
-1.08270 0.92519 0.15750
-1.06539 0.90839 0.15701
-1.04774 0.89127 0.15648
-1.02976 0.87385 0.15591
-1.01147 0.85616 0.15531
-0.99289 0.83820 0.15468
-0.97403 0.82000 0.15402
-0.95491 0.80158 0.15334
-0.93556 0.78294 0.15262
-0.91598 0.76411 0.15187
-0.89620 0.74510 0.15111
-0.87624 0.72593 0.15031
-0.85611 0.70662 0.14949
-0.83584 0.68719 0.14865
-0.81544 0.66766 0.14778
-0.79494 0.64804 0.14690
-0.77435 0.62835 0.14599
-0.75368 0.60862 0.14506
-0.73298 0.58885 0.14413
-0.71224 0.56906 0.14318
-0.69149 0.54927 0.14223
-0.67075 0.52953 0.14122
-0.65005 0.50983 0.14023
-0.62940 0.49018 0.13922
-0.60881 0.47062 0.13819
-0.58832 0.45116 0.13716
-0.56793 0.43181 0.13612
-0.54767 0.41260 0.13507
-0.52756 0.39354 0.13402
-0.50762 0.37466 0.13296
-0.48786 0.35596 0.13190
-0.46831 0.33747 0.13083
-0.44898 0.31921 0.12977
-0.42988 0.30118 0.12870
-0.41105 0.28342 0.12763
-0.39250 0.26593 0.12657
-0.37424 0.24873 0.12551
-0.35629 0.23184 0.12445
-0.33867 0.21527 0.12340
-0.32139 0.19904 0.12235
-0.30448 0.18316 0.12131
-0.28794 0.16766 0.12028
-0.27180 0.15254 0.11926
-0.25607 0.13782 0.11825
-0.24076 0.12351 0.11725
-0.22589 0.10962 0.11627
-0.21147 0.09618 0.11529
-0.19751 0.08318 0.11433
-0.18404 0.07065 0.11338
-0.17105 0.05860 0.11245
-0.15857 0.04704 0.11154
-0.14661 0.03597 0.11064
-0.13517 0.02541 0.10976
-0.12427 0.01537 0.10890
-0.11392 0.00586 0.10806
-0.10413 -0.00311 0.10724
-0.09490 -0.01154 0.10644
-0.08625 -0.01941 0.10566
-0.07819 -0.02672 0.10491
-0.07071 -0.03346 0.10417
-0.06383 -0.03963 0.10346
-0.05756 -0.04522 0.10278
-0.05190 -0.05021 0.10211
-0.04686 -0.05462 0.10148
-0.04243 -0.05843 0.10086
-0.03863 -0.06164 0.10027
-0.03546 -0.06425 0.09971
