-0.00032 0.00029 0.00002
-0.00127 0.00118 0.00010
-0.00286 0.00265 0.00022
-0.00509 0.00470 0.00039
-0.00795 0.00734 0.00061
-0.01144 0.01056 0.00087
-0.01555 0.01436 0.00119
-0.02029 0.01874 0.00155
-0.02564 0.02368 0.00196
-0.03161 0.02920 0.00242
-0.03819 0.03527 0.00292
-0.04537 0.04190 0.00347
-0.05314 0.04907 0.00407
-0.06150 0.05679 0.00471
-0.07044 0.06504 0.00540
-0.07995 0.07382 0.00613
-0.09003 0.08312 0.00691
-0.10066 0.09293 0.00773
-0.11183 0.10324 0.00859
-0.12353 0.11403 0.00950
-0.13576 0.12531 0.01045
-0.14849 0.13706 0.01143
-0.16173 0.14926 0.01246
-0.17545 0.16192 0.01353
-0.18964 0.17500 0.01464
-0.20430 0.18851 0.01579
-0.21940 0.20243 0.01697
-0.23493 0.21674 0.01819
-0.25088 0.23144 0.01945
-0.26724 0.24650 0.02074
-0.28398 0.26192 0.02206
-0.30110 0.27767 0.02342
-0.31857 0.29375 0.02481
-0.33638 0.31014 0.02623
-0.35451 0.32683 0.02769
-0.37295 0.34379 0.02917
-0.39168 0.36101 0.03067
-0.41068 0.37847 0.03221
-0.42994 0.39617 0.03377
-0.44943 0.41407 0.03536
-0.46914 0.43217 0.03697
-0.48905 0.45045 0.03860
-0.50913 0.46888 0.04025
-0.52939 0.48746 0.04193
-0.54978 0.50616 0.04362
-0.57030 0.52496 0.04534
-0.59092 0.54386 0.04707
-0.61164 0.56282 0.04881
-0.63241 0.58184 0.05058
-0.65323 0.60090 0.05234
-0.67410 0.61997 0.05412
-0.69496 0.63905 0.05591
-0.71582 0.65809 0.05773
-0.73663 0.67710 0.05953
-0.75740 0.69604 0.06136
-0.77810 0.71491 0.06319
-0.79871 0.73369 0.06502
-0.81922 0.75236 0.06686
-0.83960 0.77089 0.06870
-0.85983 0.78928 0.07054
-0.87989 0.80751 0.07239
-0.89978 0.82555 0.07423
-0.91946 0.84339 0.07607
-0.93892 0.86102 0.07791
-0.95815 0.87841 0.07974
-0.97712 0.89555 0.08156
-0.99581 0.91243 0.08338
-1.01422 0.92902 0.08520
-1.03232 0.94531 0.08700
-1.05009 0.96129 0.08879
-1.06752 0.97694 0.09058
-1.08459 0.99224 0.09235
-1.10129 1.00718 0.09411
-1.11760 1.02176 0.09585
-1.13351 1.03593 0.09758
-1.14900 1.04971 0.09929
-1.16406 1.06307 0.10098
-1.17866 1.07601 0.10266
-1.19281 1.08850 0.10432
-1.20649 1.10053 0.10595
-1.21968 1.11211 0.10757
-1.23237 1.12320 0.10916
-1.24455 1.13381 0.11073
-1.25621 1.14393 0.11228
-1.26733 1.15353 0.11380
-1.27792 1.16262 0.11531
-1.28796 1.17118 0.11678
-1.29743 1.17920 0.11822
-1.30633 1.18669 0.11964
-1.31466 1.19362 0.12104
-1.32240 1.20000 0.12240
-1.32955 1.20582 0.12373
-1.33610 1.21106 0.12503
-1.34204 1.21573 0.12631
-1.34737 1.21982 0.12755
-1.35209 1.22333 0.12876
-1.35619 1.22625 0.12994
-1.35967 1.22858 0.13109
-1.36252 1.23032 0.13220
-1.36474 1.23146 0.13328
-1.36633 1.23201 0.13432
-1.36729 1.23196 0.13534
-1.36762 1.23131 0.13632
-1.36732 1.23006 0.13726
-1.36638 1.22821 0.13817
-1.36482 1.22577 0.13904
-1.36262 1.22274 0.13988
-1.35980 1.21911 0.14069
-1.35635 1.21490 0.14146
-1.35229 1.21010 0.14219
-1.34760 1.20472 0.14289
-1.34231 1.19876 0.14355
-1.33641 1.19223 0.14418
-1.32991 1.18514 0.14477
-1.32281 1.17749 0.14532
-1.31513 1.16928 0.14585
-1.30687 1.16053 0.14633
-1.29803 1.15125 0.14679
-1.28863 1.14143 0.14720
-1.27868 1.13109 0.14758
-1.26818 1.12025 0.14793
-1.25715 1.10890 0.14824
-1.24559 1.09707 0.14852
-1.23352 1.08475 0.14877
-1.22095 1.07196 0.14899
-1.20789 1.05872 0.14917
-1.19435 1.04503 0.14932
-1.18034 1.03091 0.14943
-1.16588 1.01637 0.14952
-1.15099 1.00142 0.14957
-1.13568 0.98608 0.14959
-1.11996 0.97037 0.14959
-1.10384 0.95428 0.14955
-1.08734 0.93785 0.14949
-1.07049 0.92109 0.14940
-1.05328 0.90400 0.14928
-1.03575 0.88661 0.14914
-1.01790 0.86894 0.14896
-0.99976 0.85099 0.14877
-0.98134 0.83279 0.14854
-0.96265 0.81435 0.14830
-0.94372 0.79569 0.14803
-0.92457 0.77683 0.14774
-0.90521 0.75778 0.14742
-0.88565 0.73857 0.14709
-0.86593 0.71920 0.14673
-0.84605 0.69970 0.14635
-0.82604 0.68009 0.14596
-0.80592 0.66038 0.14554
-0.78570 0.64059 0.14511
-0.76540 0.62074 0.14466
-0.74505 0.60084 0.14421
-0.72466 0.58093 0.14373
-0.70428 0.56103 0.14325
-0.68389 0.54112 0.14278
-0.66351 0.52125 0.14226
-0.64316 0.50142 0.14173
-0.62287 0.48167 0.14120
-0.60265 0.46201 0.14064
-0.58253 0.44245 0.14009
-0.56253 0.42301 0.13952
-0.54267 0.40372 0.13895
-0.52295 0.38458 0.13837
-0.50341 0.36563 0.13778
-0.48406 0.34687 0.13719
-0.46492 0.32832 0.13660
-0.44601 0.31000 0.13600
-0.42734 0.29193 0.13541
-0.40893 0.27412 0.13481
-0.39080 0.25660 0.13420
-0.37297 0.23937 0.13360
-0.35545 0.22245 0.13300
-0.33826 0.20586 0.13241
-0.32142 0.18961 0.13181
-0.30494 0.17373 0.13122
-0.28884 0.15822 0.13063
-0.27314 0.14309 0.13004
-0.25784 0.12837 0.12946
-0.24296 0.11407 0.12889
-0.22852 0.10019 0.12832
-0.21453 0.08676 0.12777
-0.20100 0.07378 0.12721
-0.18795 0.06127 0.12667
-0.17538 0.04924 0.12614
-0.16332 0.03770 0.12561
-0.15177 0.02666 0.12510
-0.14074 0.01614 0.12460
-0.13024 0.00613 0.12411
-0.12028 -0.00335 0.12363
-0.11088 -0.01228 0.12316
-0.10204 -0.02067 0.12271
-0.09376 -0.02850 0.12227
-0.08606 -0.03577 0.12184
-0.07895 -0.04247 0.12142
-0.07243 -0.04860 0.12102
-0.06650 -0.05414 0.12064
-0.06118 -0.05909 0.12027
-0.05646 -0.06345 0.11992
-0.05236 -0.06722 0.11958
-0.04887 -0.07038 0.11925
