-0.00029 0.00029 0.00000
-0.00118 0.00118 0.00000
-0.00265 0.00265 0.00000
-0.00470 0.00470 0.00000
-0.00734 0.00734 0.00000
-0.01056 0.01056 0.00000
-0.01437 0.01437 0.00000
-0.01874 0.01874 0.00000
-0.02369 0.02369 -0.00000
-0.02920 0.02920 -0.00000
-0.03528 0.03528 -0.00000
-0.04191 0.04191 -0.00000
-0.04910 0.04910 -0.00000
-0.05682 0.05682 -0.00000
-0.06509 0.06509 -0.00000
-0.07388 0.07388 -0.00000
-0.08319 0.08319 -0.00000
-0.09302 0.09302 -0.00000
-0.10335 0.10335 -0.00000
-0.11417 0.11417 -0.00000
-0.12547 0.12547 -0.00000
-0.13725 0.13725 -0.00000
-0.14950 0.14950 -0.00000
-0.16219 0.16219 -0.00000
-0.17532 0.17532 -0.00000
-0.18889 0.18889 -0.00000
-0.20286 0.20286 -0.00000
-0.21724 0.21724 -0.00000
-0.23201 0.23201 -0.00000
-0.24716 0.24716 -0.00000
-0.26266 0.26266 -0.00000
-0.27852 0.27852 -0.00000
-0.29471 0.29471 -0.00000
-0.31121 0.31121 -0.00000
-0.32802 0.32802 -0.00000
-0.34512 0.34512 -0.00000
-0.36249 0.36249 -0.00000
-0.38012 0.38012 -0.00000
-0.39798 0.39798 -0.00000
-0.41607 0.41607 -0.00000
-0.43437 0.43437 -0.00000
-0.45286 0.45286 -0.00000
-0.47152 0.47152 -0.00000
-0.49034 0.49034 -0.00000
-0.50929 0.50929 0.00000
-0.52837 0.52837 0.00000
-0.54755 0.54755 0.00000
-0.56682 0.56682 0.00000
-0.58616 0.58616 0.00000
-0.60554 0.60554 0.00000
-0.62497 0.62497 0.00000
-0.64440 0.64440 0.00000
-0.66383 0.66383 0.00000
-0.68326 0.68326 0.00000
-0.70263 0.70263 0.00000
-0.72196 0.72196 0.00000
-0.74120 0.74120 0.00000
-0.76036 0.76036 0.00000
-0.77941 0.77941 0.00000
-0.79833 0.79833 0.00000
-0.81711 0.81711 0.00000
-0.83573 0.83573 0.00000
-0.85417 0.85417 0.00000
-0.87242 0.87242 0.00000
-0.89045 0.89045 0.00000
-0.90826 0.90826 0.00000
-0.92583 0.92583 0.00000
-0.94313 0.94313 0.00000
-0.96016 0.96016 0.00000
-0.97689 0.97689 0.00000
-0.99332 0.99332 0.00000
-1.00942 1.00942 0.00000
-1.02519 1.02519 0.00000
-1.04061 1.04061 0.00000
-1.05566 1.05566 0.00000
-1.07034 1.07034 0.00000
-1.08462 1.08462 0.00000
-1.09849 1.09849 0.00000
-1.11195 1.11195 0.00000
-1.12497 1.12497 0.00000
-1.13755 1.13755 0.00000
-1.14968 1.14968 0.00000
-1.16134 1.16134 0.00000
-1.17253 1.17253 0.00000
-1.18323 1.18323 0.00000
-1.19343 1.19343 0.00000
-1.20313 1.20313 0.00000
-1.21231 1.21231 0.00000
-1.22097 1.22097 0.00000
-1.22910 1.22910 0.00000
-1.23669 1.23669 0.00000
-1.24374 1.24374 0.00000
-1.25023 1.25023 0.00000
-1.25617 1.25617 0.00000
-1.26154 1.26154 0.00000
-1.26634 1.26634 0.00000
-1.27058 1.27058 0.00000
-1.27423 1.27423 0.00000
-1.27731 1.27731 0.00000
-1.27981 1.27981 0.00000
-1.28171 1.28171 0.00000
-1.28304 1.28304 0.00000
-1.28377 1.28377 0.00000
-1.28392 1.28392 0.00000
-1.28347 1.28347 0.00000
-1.28244 1.28244 0.00000
-1.28082 1.28082 0.00000
-1.27862 1.27862 0.00000
-1.27583 1.27583 0.00000
-1.27246 1.27246 0.00000
-1.26852 1.26852 0.00000
-1.26400 1.26400 0.00000
-1.25890 1.25890 0.00000
-1.25325 1.25325 0.00000
-1.24703 1.24703 0.00000
-1.24026 1.24026 0.00000
-1.23294 1.23294 0.00000
-1.22507 1.22507 0.00000
-1.21667 1.21667 0.00000
-1.20775 1.20775 0.00000
-1.19831 1.19831 0.00000
-1.18835 1.18835 0.00000
-1.17790 1.17790 0.00000
-1.16695 1.16695 0.00000
-1.15552 1.15552 0.00000
-1.14362 1.14362 0.00000
-1.13127 1.13127 0.00000
-1.11846 1.11846 0.00000
-1.10521 1.10521 0.00000
-1.09155 1.09155 0.00000
-1.07747 1.07747 0.00000
-1.06298 1.06298 0.00000
-1.04812 1.04812 0.00000
-1.03288 1.03288 0.00000
-1.01728 1.01728 0.00000
-1.00134 1.00134 0.00000
-0.98507 0.98507 0.00000
-0.96849 0.96849 0.00000
-0.95160 0.95160 0.00000
-0.93443 0.93443 0.00000
-0.91700 0.91700 0.00000
-0.89931 0.89931 0.00000
-0.88138 0.88138 0.00000
-0.86324 0.86324 0.00000
-0.84489 0.84489 0.00000
-0.82636 0.82636 0.00000
-0.80765 0.80765 0.00000
-0.78880 0.78880 0.00000
-0.76981 0.76981 0.00000
-0.75070 0.75070 0.00000
-0.73149 0.73149 0.00000
-0.71221 0.71221 0.00000
-0.69285 0.69285 0.00000
-0.67345 0.67345 0.00000
-0.65402 0.65402 0.00000
-0.63459 0.63459 0.00000
-0.61516 0.61516 0.00000
-0.59575 0.59575 0.00000
-0.57638 0.57638 0.00000
-0.55707 0.55707 0.00000
-0.53785 0.53785 0.00000
-0.51871 0.51871 0.00000
-0.49970 0.49970 0.00000
-0.48081 0.48081 0.00000
-0.46206 0.46206 0.00000
-0.44349 0.44349 0.00000
-0.42509 0.42509 0.00000
-0.40690 0.40690 0.00000
-0.38892 0.38892 -0.00000
-0.37117 0.37117 -0.00000
-0.35367 0.35367 -0.00000
-0.33643 0.33643 -0.00000
-0.31948 0.31948 -0.00000
-0.30282 0.30282 -0.00000
-0.28647 0.28647 -0.00000
-0.27044 0.27044 -0.00000
-0.25476 0.25476 -0.00000
-0.23943 0.23943 -0.00000
-0.22447 0.22447 -0.00000
-0.20990 0.20990 -0.00000
-0.19572 0.19572 -0.00000
-0.18195 0.18195 -0.00000
-0.16860 0.16860 -0.00000
-0.15568 0.15568 -0.00000
-0.14322 0.14322 -0.00000
-0.13120 0.13120 -0.00000
-0.11966 0.11966 -0.00000
-0.10860 0.10860 -0.00000
-0.09802 0.09802 -0.00000
-0.08794 0.08794 -0.00000
-0.07837 0.07837 -0.00000
-0.06932 0.06932 -0.00000
-0.06080 0.06080 -0.00000
-0.05280 0.05280 -0.00000
-0.04535 0.04535 -0.00000
-0.03844 0.03844 -0.00000
-0.03209 0.03209 -0.00000
-0.02629 0.02629 -0.00000
-0.02106 0.02106 -0.00000
-0.01640 0.01640 -0.00000
