QEq 0.47857
0.47856 0.47856
0.47857 0.47856
0.47856 0.47856
0.47857 0.47857
0.47857 0.47857
0.47856 0.47857
0.47857 0.47857
0.47856 0.47856
0.47857 0.47856
0.47855 0.47856
0.47856 0.47856
0.47855 0.47856
0.47856 0.47856
0.47854 0.47856
0.47855 0.47856
0.47852 0.47856
0.47853 0.47855
0.47851 0.47855
0.47851 0.47855
0.47849 0.47855
0.47847 0.47854
0.47846 0.47854
0.47842 0.47853
0.47841 0.47853
0.47838 0.47852
0.47834 0.47852
0.47832 0.47851
0.47828 0.47850
0.47822 0.47849
0.47819 0.47848
0.47814 0.47847
0.47808 0.47846
0.47799 0.47844
0.47795 0.47843
0.47789 0.47841
0.47781 0.47840
0.47772 0.47838
0.47761 0.47836
0.47749 0.47834
0.47737 0.47831
0.47729 0.47829
0.47720 0.47826
0.47708 0.47823
0.47696 0.47820
0.47684 0.47817
0.47670 0.47814
0.47655 0.47811
0.47640 0.47807
0.47621 0.47803
0.47601 0.47799
0.47580 0.47795
0.47559 0.47791
0.47538 0.47786
0.47517 0.47781
0.47496 0.47776
0.47469 0.47770
0.47442 0.47764
0.47415 0.47758
0.47388 0.47752
0.47355 0.47745
0.47324 0.47739
0.47294 0.47731
0.47259 0.47724
0.47223 0.47716
0.47189 0.47708
0.47151 0.47699
0.47113 0.47691
0.47073 0.47682
0.47032 0.47672
0.46991 0.47662
0.46946 0.47652
0.46904 0.47642
0.46857 0.47631
0.46811 0.47620
0.46762 0.47609
0.46714 0.47597
0.46663 0.47585
0.46612 0.47572
0.46559 0.47560
0.46506 0.47546
0.46451 0.47533
0.46395 0.47519
0.46338 0.47505
0.46281 0.47490
0.46222 0.47475
0.46162 0.47460
0.46102 0.47444
0.46040 0.47428
0.45978 0.47412
0.45914 0.47395
0.45850 0.47378
0.45786 0.47361
0.45720 0.47344
0.45654 0.47326
0.45587 0.47307
0.45521 0.47289
0.45452 0.47270
0.45385 0.47250
0.45315 0.47231
0.45247 0.47211
0.45176 0.47191
0.45107 0.47171
0.45036 0.47150
0.44967 0.47129
0.44896 0.47108
0.44827 0.47086
0.44755 0.47064
0.44686 0.47042
0.44616 0.47020
0.44545 0.46997
0.44477 0.46975
0.44406 0.46952
0.44337 0.46929
0.44270 0.46905
0.44201 0.46882
0.44134 0.46858
0.44069 0.46834
0.44000 0.46810
0.43935 0.46786
0.43872 0.46762
0.43810 0.46737
0.43745 0.46713
0.43682 0.46688
0.43622 0.46664
0.43564 0.46639
0.43507 0.46614
0.43453 0.46589
0.43398 0.46564
0.43341 0.46539
0.43287 0.46514
0.43234 0.46489
0.43183 0.46464
0.43133 0.46439
0.43086 0.46414
0.43039 0.46389
0.42995 0.46364
0.42956 0.46339
0.42920 0.46314
0.42884 0.46290
0.42852 0.46265
0.42819 0.46241
0.42788 0.46216
0.42759 0.46192
0.42735 0.46168
0.42713 0.46144
0.42692 0.46121
0.42673 0.46097
0.42658 0.46074
0.42644 0.46051
0.42633 0.46028
0.42627 0.46006
0.42621 0.45983
0.42616 0.45961
0.42616 0.45940
0.42616 0.45918
0.42620 0.45897
0.42629 0.45876
0.42641 0.45856
0.42656 0.45836
0.42672 0.45816
0.42693 0.45796
0.42713 0.45777
0.42737 0.45759
0.42762 0.45740
0.42792 0.45723
0.42823 0.45705
0.42859 0.45688
0.42897 0.45671
0.42938 0.45655
0.42983 0.45640
0.43027 0.45624
0.43076 0.45610
0.43127 0.45595
0.43183 0.45581
0.43238 0.45568
0.43298 0.45555
0.43359 0.45543
0.43425 0.45531
0.43491 0.45519
0.43560 0.45508
0.43632 0.45498
0.43705 0.45488
0.43782 0.45479
0.43860 0.45470
0.43942 0.45462
0.44024 0.45454
0.44110 0.45447
0.44196 0.45440
0.44285 0.45434
0.44376 0.45429
0.44469 0.45424
0.44563 0.45419
0.44661 0.45415
0.44756 0.45412
0.44857 0.45409
0.44957 0.45407
0.45059 0.45405
0.45164 0.45404
0.45267 0.45403
0.45374 0.45403
0.45481 0.45403
0.45588 0.45404
0.45698 0.45406
0.45807 0.45408
0.45915 0.45410
0.46029 0.45413
0.46140 0.45416
0.46250 0.45421
0.46362 0.45425
0.46476 0.45430
0.46589 0.45436
0.46703 0.45441
0.46814 0.45448
0.46924 0.45455
0.47034 0.45462
0.47148 0.45470
0.47261 0.45478
0.47374 0.45487
0.47487 0.45496
0.47598 0.45506
0.47709 0.45516
0.47819 0.45526
0.47929 0.45537
0.48037 0.45548
0.48139 0.45559
0.48241 0.45571
0.48342 0.45583
0.48443 0.45596
0.48542 0.45609
0.48640 0.45622
0.48737 0.45636
0.48829 0.45649
0.48921 0.45663
0.49014 0.45678
0.49102 0.45692
0.49186 0.45707
0.49269 0.45722
0.49352 0.45737
0.49429 0.45753
0.49507 0.45768
0.49582 0.45784
0.49654 0.45800
0.49725 0.45816
0.49792 0.45833
0.49857 0.45849
0.49917 0.45866
0.49973 0.45882
0.50028 0.45899
0.50078 0.45916
0.50128 0.45933
0.50172 0.45950
0.50215 0.45966
0.50254 0.45983
0.50291 0.46000
0.50324 0.46017
0.50354 0.46034
0.50380 0.46051
0.50404 0.46068
0.50424 0.46085
0.50441 0.46102
0.50455 0.46118
0.50464 0.46135
0.50472 0.46151
0.50475 0.46168
0.50476 0.46184
0.50473 0.46200
0.50466 0.46216
0.50457 0.46232
0.50443 0.46248
0.50428 0.46263
0.50407 0.46278
0.50385 0.46293
0.50358 0.46308
0.50330 0.46323
0.50297 0.46337
0.50262 0.46352
0.50224 0.46366
0.50183 0.46379
0.50138 0.46393
0.50092 0.46406
0.50041 0.46419
0.49990 0.46432
0.49933 0.46444
0.49876 0.46456
0.49813 0.46468
0.49747 0.46479
0.49680 0.46491
0.49609 0.46501
0.49537 0.46512
0.49463 0.46522
0.49385 0.46532
0.49308 0.46541
0.49226 0.46551
0.49140 0.46559
0.49053 0.46568
0.48967 0.46576
0.48879 0.46584
0.48785 0.46591
0.48690 0.46598
0.48594 0.46605
0.48499 0.46611
0.48404 0.46617
0.48305 0.46623
0.48202 0.46628
0.48098 0.46633
0.47993 0.46637
0.47885 0.46641
0.47778 0.46645
0.47671 0.46648
0.47560 0.46651
0.47450 0.46654
0.47340 0.46656
0.47232 0.46658
0.47125 0.46659
0.47017 0.46660
0.46907 0.46661
0.46796 0.46661
0.46685 0.46662
0.46574 0.46661
0.46466 0.46661
0.46356 0.46660
0.46246 0.46658
0.46136 0.46657
0.46029 0.46655
0.45921 0.46653
0.45812 0.46650
0.45708 0.46647
0.45602 0.46644
0.45497 0.46640
0.45394 0.46637
0.45290 0.46633
0.45191 0.46628
0.45090 0.46624
0.44992 0.46619
0.44894 0.46614
0.44798 0.46608
0.44705 0.46603
0.44612 0.46597
0.44522 0.46591
0.44432 0.46584
0.44345 0.46578
0.44260 0.46571
0.44176 0.46564
0.44096 0.46557
0.44015 0.46549
0.43939 0.46542
0.43863 0.46534
0.43791 0.46526
0.43720 0.46518
0.43653 0.46510
0.43586 0.46502
0.43524 0.46493
0.43463 0.46485
0.43403 0.46476
0.43348 0.46467
0.43294 0.46458
0.43244 0.46449
0.43194 0.46440
0.43149 0.46431
0.43106 0.46422
0.43067 0.46412
0.43027 0.46403
0.42991 0.46394
0.42958 0.46384
0.42929 0.46375
0.42902 0.46365
0.42878 0.46356
0.42856 0.46346
0.42838 0.46337
0.42822 0.46327
0.42810 0.46318
0.42798 0.46308
0.42791 0.46299
0.42785 0.46289
0.42782 0.46280
0.42782 0.46271
0.42782 0.46262
0.42785 0.46252
0.42791 0.46243
0.42799 0.46234
0.42810 0.46225
0.42825 0.46216
0.42840 0.46207
0.42856 0.46199
0.42876 0.46190
0.42900 0.46182
0.42925 0.46173
0.42952 0.46165
0.42979 0.46157
0.43008 0.46149
0.43037 0.46141
0.43074 0.46133
0.43113 0.46125
0.43153 0.46118
0.43194 0.46110
0.43238 0.46103
0.43283 0.46096
0.43330 0.46089
0.43378 0.46082
0.43428 0.46075
0.43475 0.46069
0.43523 0.46063
0.43574 0.46056
0.43626 0.46050
0.43681 0.46045
0.43737 0.46039
0.43794 0.46033
0.43849 0.46028
0.43907 0.46023
0.43967 0.46018
0.44027 0.46013
0.44086 0.46008
0.44148 0.46004
0.44210 0.45999
0.44271 0.45995
0.44334 0.45991
0.44397 0.45987
0.44460 0.45984
0.44525 0.45980
0.44587 0.45977
0.44652 0.45974
0.44716 0.45971
0.44780 0.45968
0.44844 0.45965
0.44908 0.45963
0.44973 0.45961
0.45036 0.45958
0.45100 0.45956
0.45163 0.45955
0.45226 0.45953
0.45289 0.45951
0.45351 0.45950
0.45414 0.45949
0.45474 0.45948
0.45537 0.45947
0.45596 0.45946
0.45657 0.45945
0.45715 0.45945
0.45774 0.45944
0.45832 0.45944
0.45888 0.45944
0.45945 0.45944
0.45999 0.45944
0.46055 0.45944
0.46108 0.45945
0.46162 0.45945
0.46213 0.45946
0.46264 0.45946
0.46314 0.45947
0.46363 0.45948
0.46411 0.45949
0.46459 0.45950
0.46505 0.45952
0.46550 0.45953
0.46594 0.45954
0.46637 0.45956
0.46679 0.45957
0.46721 0.45959
0.46760 0.45961
0.46801 0.45963
0.46837 0.45965
0.46875 0.45967
0.46910 0.45969
0.46944 0.45971
0.46980 0.45973
0.47011 0.45975
0.47042 0.45977
0.47075 0.45980
0.47105 0.45982
0.47131 0.45985
0.47158 0.45987
0.47188 0.45990
0.47215 0.45992
0.47239 0.45995
0.47262 0.45997
0.47286 0.46000
0.47310 0.46003
0.47334 0.46006
0.47358 0.46009
0.47376 0.46011
0.47394 0.46014
0.47410 0.46017
0.47424 0.46020
0.47439 0.46023
0.47454 0.46026
0.47468 0.46029
0.47480 0.46032
0.47493 0.46035
0.47509 0.46038
0.47524 0.46041
0.47538 0.46044
0.47550 0.46047
0.47561 0.46050
0.47570 0.46053
0.47582 0.46056
0.47594 0.46059
0.47603 0.46062
0.47612 0.46066
0.47621 0.46069
0.47631 0.46072
0.47639 0.46075
0.47648 0.46078
0.47657 0.46081
0.47663 0.46084
0.47672 0.46087
0.47680 0.46091
0.47686 0.46094
0.47695 0.46097
0.47701 0.46100
0.47709 0.46103
0.47715 0.46106
0.47722 0.46110
0.47729 0.46113
0.47736 0.46116
0.47743 0.46119
0.47750 0.46122
0.47756 0.46125
0.47763 0.46129
0.47769 0.46132
0.47777 0.46135
0.47782 0.46138
0.47790 0.46141
0.47796 0.46144
0.47803 0.46147
0.47810 0.46151
0.47817 0.46154
0.47824 0.46157
0.47830 0.46160
0.47838 0.46163
0.47844 0.46166
0.47851 0.46170
0.47857 0.46173
0.47865 0.46176
0.47871 0.46179
0.47879 0.46182
0.47885 0.46186
0.47892 0.46189
0.47899 0.46192
0.47905 0.46195
0.47912 0.46198
0.47918 0.46201
0.47925 0.46205
0.47930 0.46208
0.47936 0.46211
0.47942 0.46214
0.47947 0.46217
0.47953 0.46220
0.47956 0.46224
0.47962 0.46227
0.47966 0.46230
0.47970 0.46233
0.47974 0.46236
0.47975 0.46239
0.47980 0.46243
0.47982 0.46246
0.47982 0.46249
0.47984 0.46252
0.47986 0.46255
0.47986 0.46258
0.47983 0.46261
0.47983 0.46264
0.47983 0.46267
0.47980 0.46270
0.47977 0.46273
0.47971 0.46276
0.47965 0.46279
0.47957 0.46282
0.47954 0.46285
0.47948 0.46288
0.47942 0.46291
0.47935 0.46294
0.47926 0.46297
0.47917 0.46300
0.47908 0.46303
0.47896 0.46305
0.47882 0.46308
0.47864 0.46311
0.47846 0.46313
0.47829 0.46316
0.47811 0.46319
0.47793 0.46321
0.47775 0.46324
0.47753 0.46326
0.47729 0.46328
0.47705 0.46331
0.47681 0.46333
0.47653 0.46335
0.47623 0.46338
0.47594 0.46340
0.47561 0.46342
0.47528 0.46344
0.47495 0.46346
0.47458 0.46348
0.47421 0.46349
0.47383 0.46351
0.47342 0.46353
0.47303 0.46354
0.47258 0.46356
0.47215 0.46357
0.47169 0.46359
0.47123 0.46360
0.47074 0.46361
0.47026 0.46362
0.46974 0.46363
0.46923 0.46364
0.46869 0.46365
0.46815 0.46366
0.46758 0.46366
0.46702 0.46367
0.46643 0.46367
0.46584 0.46368
0.46523 0.46368
0.46461 0.46368
0.46399 0.46368
0.46335 0.46368
0.46271 0.46368
0.46204 0.46368
0.46138 0.46367
0.46069 0.46367
0.46001 0.46366
0.45931 0.46366
0.45861 0.46365
0.45790 0.46364
0.45718 0.46363
0.45647 0.46362
0.45573 0.46360
0.45501 0.46359
0.45426 0.46358
0.45353 0.46356
0.45277 0.46354
0.45203 0.46352
0.45127 0.46350
0.45052 0.46348
0.44977 0.46346
0.44901 0.46344
0.44826 0.46342
0.44749 0.46339
0.44675 0.46337
0.44599 0.46334
0.44524 0.46331
0.44451 0.46328
0.44376 0.46325
0.44301 0.46322
0.44230 0.46319
0.44157 0.46315
0.44084 0.46312
0.44013 0.46308
0.43945 0.46305
0.43874 0.46301
0.43804 0.46297
0.43736 0.46293
0.43671 0.46289
0.43607 0.46285
0.43545 0.46281
0.43484 0.46276
0.43420 0.46272
0.43358 0.46268
0.43298 0.46263
0.43239 0.46259
0.43182 0.46254
0.43127 0.46249
0.43073 0.46244
0.43021 0.46240
0.42972 0.46235
0.42928 0.46230
0.42887 0.46225
0.42845 0.46220
0.42806 0.46214
0.42767 0.46209
0.42729 0.46204
0.42698 0.46199
0.42669 0.46194
0.42639 0.46188
0.42612 0.46183
0.42590 0.46178
0.42570 0.46172
0.42549 0.46167
0.42535 0.46162
0.42523 0.46156
0.42511 0.46151
0.42504 0.46146
0.42498 0.46140
0.42494 0.46135
0.42494 0.46130
0.42494 0.46124
0.42503 0.46119
0.42512 0.46114
0.42526 0.46109
0.42541 0.46103
0.42560 0.46098
0.42579 0.46093
0.42602 0.46088
0.42626 0.46083
0.42655 0.46078
0.42684 0.46073
0.42720 0.46068
0.42757 0.46064
0.42798 0.46059
0.42842 0.46054
0.42887 0.46050
0.42935 0.46045
0.42986 0.46041
0.43041 0.46037
0.43098 0.46033
0.43157 0.46029
0.43218 0.46025
0.43283 0.46021
0.43351 0.46017
0.43420 0.46013
0.43492 0.46010
0.43567 0.46006
0.43645 0.46003
0.43722 0.46000
0.43805 0.45997
0.43888 0.45994
0.43974 0.45991
0.44061 0.45988
0.44152 0.45986
0.44243 0.45983
0.44337 0.45981
0.44433 0.45979
0.44530 0.45977
0.44629 0.45975
0.44729 0.45973
0.44832 0.45972
0.44934 0.45970
0.45040 0.45969
0.45146 0.45968
0.45251 0.45967
0.45361 0.45966
0.45472 0.45965
0.45579 0.45965
0.45691 0.45964
0.45804 0.45964
0.45916 0.45964
0.46026 0.45964
0.46141 0.45964
0.46257 0.45965
0.46370 0.45965
0.46484 0.45966
0.46597 0.45967
0.46709 0.45968
0.46821 0.45969
0.46938 0.45970
0.47054 0.45972
0.47170 0.45973
0.47283 0.45975
0.47396 0.45977
0.47510 0.45979
0.47623 0.45981
0.47736 0.45984
0.47844 0.45986
0.47948 0.45989
0.48052 0.45992
0.48157 0.45994
0.48261 0.45997
0.48365 0.46001
0.48468 0.46004
0.48564 0.46007
0.48660 0.46011
0.48755 0.46014
0.48850 0.46018
0.48940 0.46022
0.49030 0.46026
0.49119 0.46030
0.49204 0.46034
0.49287 0.46038
0.49371 0.46042
0.49449 0.46047
0.49526 0.46051
0.49600 0.46056
0.49668 0.46061
0.49736 0.46065
0.49799 0.46070
0.49861 0.46075
0.49918 0.46080
0.49975 0.46085
0.50026 0.46090
0.50077 0.46095
0.50122 0.46100
0.50167 0.46106
0.50205 0.46111
0.50244 0.46116
0.50276 0.46122
0.50308 0.46127
0.50335 0.46132
0.50359 0.46138
0.50380 0.46143
0.50397 0.46148
0.50413 0.46154
0.50425 0.46159
0.50437 0.46165
0.50443 0.46170
0.50447 0.46175
0.50447 0.46181
0.50445 0.46186
0.50439 0.46191
0.50429 0.46197
0.50415 0.46202
0.50395 0.46207
0.50375 0.46212
0.50348 0.46218
0.50321 0.46223
0.50289 0.46228
0.50256 0.46233
0.50217 0.46238
0.50178 0.46243
0.50134 0.46247
0.50089 0.46252
0.50040 0.46257
0.49990 0.46261
0.49936 0.46266
0.49880 0.46270
0.49822 0.46275
0.49757 0.46279
0.49691 0.46283
0.49625 0.46287
0.49553 0.46291
0.49482 0.46295
0.49410 0.46299
0.49329 0.46303
0.49249 0.46306
0.49168 0.46310
0.49088 0.46313
0.49000 0.46316
0.48911 0.46320
0.48821 0.46323
0.48732 0.46325
0.48640 0.46328
0.48548 0.46331
0.48453 0.46333
0.48354 0.46336
0.48252 0.46338
0.48151 0.46340
0.48049 0.46342
0.47944 0.46344
0.47840 0.46346
0.47734 0.46348
0.47627 0.46349
0.47523 0.46351
0.47419 0.46352
0.47314 0.46353
0.47208 0.46354
0.47101 0.46355
0.46993 0.46356
0.46883 0.46356
0.46779 0.46357
0.46672 0.46357
0.46565 0.46358
0.46456 0.46358
0.46351 0.46358
0.46245 0.46357
0.46138 0.46357
0.46034 0.46357
0.45930 0.46356
0.45825 0.46356
0.45724 0.46355
0.45622 0.46354
0.45521 0.46353
0.45422 0.46352
0.45322 0.46351
0.45226 0.46350
0.45128 0.46348
0.45035 0.46347
0.44940 0.46345
0.44850 0.46343
0.44758 0.46341
0.44672 0.46340
0.44583 0.46338
0.44500 0.46335
0.44415 0.46333
0.44335 0.46331
0.44255 0.46329
0.44178 0.46326
0.44103 0.46324
0.44029 0.46321
0.43959 0.46318
0.43889 0.46315
0.43823 0.46313
0.43758 0.46310
0.43696 0.46307
0.43636 0.46304
0.43579 0.46301
0.43524 0.46297
0.43471 0.46294
0.43421 0.46291
0.43373 0.46288
0.43328 0.46284
0.43284 0.46281
0.43245 0.46278
0.43207 0.46274
0.43173 0.46271
0.43138 0.46267
0.43109 0.46264
0.43079 0.46260
0.43055 0.46257
0.43031 0.46253
0.43012 0.46249
0.42995 0.46246
0.42980 0.46242
0.42968 0.46238
0.42956 0.46235
0.42950 0.46231
0.42944 0.46228
0.42940 0.46224
0.42940 0.46220
0.42940 0.46217
0.42944 0.46213
0.42953 0.46209
0.42962 0.46206
0.42971 0.46202
0.42982 0.46199
0.43000 0.46195
0.43018 0.46192
0.43037 0.46188
0.43058 0.46185
0.43079 0.46182
0.43102 0.46178
0.43129 0.46175
0.43161 0.46172
0.43194 0.46168
0.43228 0.46165
0.43264 0.46162
0.43302 0.46159
0.43341 0.46156
0.43382 0.46153
0.43425 0.46150
0.43466 0.46147
0.43507 0.46144
0.43549 0.46141
0.43594 0.46139
0.43642 0.46136
0.43691 0.46133
0.43741 0.46131
0.43789 0.46128
0.43839 0.46126
0.43892 0.46124
0.43946 0.46121
0.43998 0.46119
0.44052 0.46117
0.44108 0.46115
0.44162 0.46113
0.44218 0.46111
0.44276 0.46109
0.44331 0.46107
0.44389 0.46105
0.44446 0.46103
0.44504 0.46101
0.44562 0.46100
0.44619 0.46098
0.44679 0.46097
0.44736 0.46095
0.44795 0.46094
0.44852 0.46093
0.44911 0.46091
0.44968 0.46090
0.45027 0.46089
0.45083 0.46088
0.45141 0.46087
0.45198 0.46086
0.45255 0.46085
0.45311 0.46085
0.45366 0.46084
0.45422 0.46083
0.45476 0.46082
0.45532 0.46082
0.45584 0.46081
0.45638 0.46081
0.45690 0.46081
0.45742 0.46080
0.45793 0.46080
0.45842 0.46080
0.45893 0.46079
0.45941 0.46079
0.45991 0.46079
0.46037 0.46079
0.46084 0.46079
0.46129 0.46079
0.46174 0.46079
0.46218 0.46079
0.46261 0.46080
0.46303 0.46080
0.46345 0.46080
0.46384 0.46080
0.46426 0.46081
0.46463 0.46081
0.46502 0.46082
0.46538 0.46082
0.46574 0.46083
0.46611 0.46083
0.46644 0.46084
0.46677 0.46084
0.46711 0.46085
0.46741 0.46086
0.46773 0.46086
0.46805 0.46087
0.46831 0.46088
0.46859 0.46089
0.46889 0.46089
0.46918 0.46090
0.46941 0.46091
0.46965 0.46092
0.46989 0.46093
0.47013 0.46094
0.47037 0.46095
0.47061 0.46096
0.47080 0.46097
0.47098 0.46098
0.47116 0.46099
0.47134 0.46100
0.47152 0.46101
0.47170 0.46102
0.47187 0.46103
0.47202 0.46104
0.47217 0.46105
0.47236 0.46106
0.47254 0.46107
0.47272 0.46108
0.47289 0.46109
0.47303 0.46111
0.47318 0.46112
0.47331 0.46113
0.47348 0.46114
0.47363 0.46115
0.47376 0.46117
0.47389 0.46118
0.47404 0.46119
0.47418 0.46120
0.47430 0.46122
0.47445 0.46123
0.47458 0.46124
0.47470 0.46126
0.47484 0.46127
0.47496 0.46128
0.47510 0.46130
0.47523 0.46131
0.47535 0.46132
0.47549 0.46134
0.47561 0.46135
0.47575 0.46136
0.47587 0.46138
0.47601 0.46139
0.47613 0.46141
0.47627 0.46142
0.47639 0.46143
0.47653 0.46145
0.47666 0.46146
0.47680 0.46148
0.47693 0.46149
0.47706 0.46151
0.47721 0.46152
0.47733 0.46154
0.47748 0.46155
0.47761 0.46157
0.47776 0.46158
0.47789 0.46160
0.47803 0.46161
0.47818 0.46163
0.47831 0.46165
0.47846 0.46166
0.47858 0.46168
0.47874 0.46169
0.47887 0.46171
0.47902 0.46173
0.47915 0.46174
0.47929 0.46176
0.47942 0.46178
0.47956 0.46179
0.47969 0.46181
0.47982 0.46183
0.47994 0.46184
0.48008 0.46186
0.48019 0.46188
0.48033 0.46189
0.48043 0.46191
0.48056 0.46193
0.48067 0.46195
0.48077 0.46196
0.48088 0.46198
0.48097 0.46200
0.48106 0.46202
0.48116 0.46203
0.48124 0.46205
0.48131 0.46207
0.48139 0.46209
0.48146 0.46210
0.48150 0.46212
0.48154 0.46214
0.48160 0.46216
0.48165 0.46218
0.48167 0.46219
0.48168 0.46221
0.48167 0.46223
0.48164 0.46225
0.48165 0.46227
0.48165 0.46228
0.48165 0.46230
0.48162 0.46232
0.48159 0.46234
0.48155 0.46235
0.48149 0.46237
0.48143 0.46239
0.48137 0.46241
0.48123 0.46242
0.48108 0.46244
0.48093 0.46246
0.48078 0.46247
0.48063 0.46249
0.48048 0.46250
0.48031 0.46252
0.48010 0.46254
0.47989 0.46255
0.47969 0.46257
0.47946 0.46258
0.47919 0.46260
0.47892 0.46261
0.47864 0.46263
0.47831 0.46264
0.47799 0.46265
0.47766 0.46267
0.47731 0.46268
0.47695 0.46269
0.47655 0.46271
0.47616 0.46272
0.47574 0.46273
0.47531 0.46274
0.47487 0.46275
0.47440 0.46276
0.47394 0.46277
0.47344 0.46278
0.47294 0.46279
0.47241 0.46280
0.47188 0.46281
0.47133 0.46281
0.47077 0.46282
0.47020 0.46283
0.46960 0.46283
0.46900 0.46284
0.46838 0.46284
0.46775 0.46285
0.46710 0.46285
0.46645 0.46286
0.46578 0.46286
0.46510 0.46286
0.46441 0.46286
0.46371 0.46286
0.46300 0.46286
0.46227 0.46286
0.46155 0.46286
0.46080 0.46286
0.46006 0.46286
0.45929 0.46285
0.45853 0.46285
0.45776 0.46284
0.45698 0.46284
0.45620 0.46283
0.45541 0.46283
0.45462 0.46282
0.45382 0.46281
0.45302 0.46280
0.45223 0.46280
0.45141 0.46279
0.45062 0.46277
0.44979 0.46276
0.44899 0.46275
0.44819 0.46274
0.44738 0.46273
0.44658 0.46271
0.44578 0.46270
0.44497 0.46268
0.44419 0.46267
0.44341 0.46265
0.44261 0.46263
0.44183 0.46262
0.44108 0.46260
0.44032 0.46258
0.43955 0.46256
0.43880 0.46254
0.43807 0.46252
0.43735 0.46250
0.43667 0.46247
0.43599 0.46245
0.43528 0.46243
0.43459 0.46241
0.43391 0.46238
0.43325 0.46236
0.43260 0.46233
0.43198 0.46231
0.43136 0.46228
0.43077 0.46225
0.43018 0.46223
0.42967 0.46220
0.42916 0.46217
0.42869 0.46214
0.42821 0.46212
0.42775 0.46209
0.42730 0.46206
0.42688 0.46203
0.42652 0.46200
0.42616 0.46197
0.42580 0.46194
0.42549 0.46191
0.42522 0.46188
0.42495 0.46185
0.42470 0.46182
0.42449 0.46179
0.42431 0.46175
0.42416 0.46172
0.42404 0.46169
0.42392 0.46166
0.42386 0.46163
0.42380 0.46160
0.42378 0.46157
0.42378 0.46154
0.42381 0.46151
0.42387 0.46147
0.42396 0.46144
0.42408 0.46141
0.42422 0.46138
0.42440 0.46135
0.42461 0.46132
0.42485 0.46129
0.42512 0.46126
0.42542 0.46123
0.42577 0.46120
0.42612 0.46118
0.42654 0.46115
0.42697 0.46112
0.42743 0.46109
0.42789 0.46107
0.42840 0.46104
0.42894 0.46101
0.42951 0.46099
0.43012 0.46096
0.43072 0.46094
0.43137 0.46091
0.43204 0.46089
0.43276 0.46087
0.43348 0.46085
0.43422 0.46082
0.43499 0.46080
0.43580 0.46078
0.43662 0.46076
0.43746 0.46075
0.43832 0.46073
0.43922 0.46071
0.44012 0.46069
0.44104 0.46068
0.44199 0.46066
0.44297 0.46065
0.44393 0.46064
0.44494 0.46062
0.44595 0.46061
0.44699 0.46060
0.44804 0.46059
0.44908 0.46058
0.45017 0.46057
0.45126 0.46057
0.45234 0.46056
0.45344 0.46055
0.45457 0.46055
0.45570 0.46054
0.45681 0.46054
0.45794 0.46054
0.45910 0.46054
0.46027 0.46054
0.46141 0.46054
0.46255 0.46054
0.46368 0.46054
0.46481 0.46055
0.46601 0.46055
0.46719 0.46056
0.46835 0.46056
0.46951 0.46057
0.47068 0.46058
0.47184 0.46059
0.47300 0.46060
0.47416 0.46061
0.47530 0.46062
0.47638 0.46063
0.47745 0.46064
0.47852 0.46066
0.47960 0.46067
0.48067 0.46069
0.48174 0.46070
0.48278 0.46072
0.48380 0.46074
0.48481 0.46076
0.48582 0.46078
0.48680 0.46080
0.48775 0.46082
0.48868 0.46084
0.48958 0.46086
0.49044 0.46088
0.49131 0.46091
0.49214 0.46093
0.49294 0.46096
0.49374 0.46098
0.49448 0.46101
0.49523 0.46103
0.49593 0.46106
0.49661 0.46109
0.49726 0.46112
0.49789 0.46114
0.49849 0.46117
0.49908 0.46120
0.49965 0.46123
0.50018 0.46126
0.50068 0.46129
0.50116 0.46132
0.50159 0.46135
0.50201 0.46138
0.50238 0.46141
0.50273 0.46145
0.50303 0.46148
0.50331 0.46151
0.50355 0.46154
0.50376 0.46157
0.50394 0.46161
0.50407 0.46164
0.50419 0.46167
0.50426 0.46170
0.50431 0.46173
0.50431 0.46177
0.50429 0.46180
0.50423 0.46183
0.50414 0.46186
0.50403 0.46189
0.50387 0.46193
0.50369 0.46196
0.50348 0.46199
0.50324 0.46202
0.50296 0.46205
0.50266 0.46208
0.50231 0.46211
0.50192 0.46214
0.50151 0.46217
0.50106 0.46220
0.50061 0.46223
0.50010 0.46226
0.49960 0.46228
0.49906 0.46231
0.49847 0.46234
0.49787 0.46236
0.49723 0.46239
0.49657 0.46242
0.49592 0.46244
0.49521 0.46246
0.49447 0.46249
0.49372 0.46251
0.49298 0.46253
0.49218 0.46256
0.49134 0.46258
0.49051 0.46260
0.48967 0.46262
0.48881 0.46264
0.48795 0.46266
0.48707 0.46267
0.48612 0.46269
0.48516 0.46271
0.48420 0.46272
0.48322 0.46274
0.48224 0.46275
0.48123 0.46277
0.48022 0.46278
0.47920 0.46279
0.47816 0.46280
0.47718 0.46281
0.47617 0.46282
0.47515 0.46283
0.47411 0.46284
0.47307 0.46285
0.47201 0.46285
0.47097 0.46286
0.46994 0.46287
0.46889 0.46287
0.46783 0.46287
0.46679 0.46288
0.46576 0.46288
0.46471 0.46288
0.46367 0.46288
0.46266 0.46288
0.46161 0.46288
0.46061 0.46288
0.45959 0.46287
0.45858 0.46287
0.45760 0.46287
0.45660 0.46286
0.45564 0.46286
0.45466 0.46285
0.45372 0.46285
0.45277 0.46284
0.45186 0.46283
0.45094 0.46282
0.45005 0.46281
0.44916 0.46280
0.44830 0.46279
0.44744 0.46278
0.44662 0.46277
0.44578 0.46276
0.44501 0.46275
0.44421 0.46273
0.44347 0.46272
0.44272 0.46270
0.44200 0.46269
0.44130 0.46267
0.44062 0.46266
0.43997 0.46264
0.43932 0.46263
0.43872 0.46261
0.43812 0.46259
0.43755 0.46257
0.43701 0.46256
0.43648 0.46254
0.43598 0.46252
0.43551 0.46250
0.43507 0.46248
0.43462 0.46246
0.43422 0.46244
0.43383 0.46242
0.43349 0.46240
0.43316 0.46238
0.43284 0.46236
0.43254 0.46234
0.43227 0.46232
0.43203 0.46230
0.43181 0.46227
0.43163 0.46225
0.43145 0.46223
0.43131 0.46221
0.43119 0.46219
0.43107 0.46217
0.43101 0.46214
0.43095 0.46212
0.43090 0.46210
0.43091 0.46208
0.43094 0.46206
0.43097 0.46204
0.43100 0.46201
0.43109 0.46199
0.43121 0.46197
0.43133 0.46195
0.43146 0.46193
0.43161 0.46191
0.43176 0.46189
0.43195 0.46187
0.43219 0.46185
0.43244 0.46183
0.43271 0.46181
0.43299 0.46179
0.43329 0.46177
0.43361 0.46175
0.43393 0.46173
0.43429 0.46171
0.43464 0.46169
0.43497 0.46167
0.43532 0.46165
0.43569 0.46164
0.43608 0.46162
0.43650 0.46160
0.43693 0.46158
0.43735 0.46157
0.43777 0.46155
0.43821 0.46154
0.43869 0.46152
0.43914 0.46150
0.43960 0.46149
0.44009 0.46148
0.44056 0.46146
0.44104 0.46145
0.44155 0.46143
0.44204 0.46142
0.44254 0.46141
0.44306 0.46140
0.44356 0.46138
0.44409 0.46137
0.44459 0.46136
0.44512 0.46135
0.44563 0.46134
0.44616 0.46133
0.44667 0.46132
0.44721 0.46131
0.44771 0.46130
0.44825 0.46129
0.44876 0.46128
0.44929 0.46127
0.44979 0.46127
0.45032 0.46126
0.45082 0.46125
0.45133 0.46125
0.45183 0.46124
0.45233 0.46123
0.45283 0.46123
0.45332 0.46122
0.45382 0.46122
0.45429 0.46121
0.45478 0.46121
0.45524 0.46120
0.45571 0.46120
0.45617 0.46120
0.45662 0.46119
0.45707 0.46119
0.45751 0.46119
0.45795 0.46119
0.45838 0.46119
0.45881 0.46118
0.45921 0.46118
0.45963 0.46118
0.46002 0.46118
0.46043 0.46118
0.46080 0.46118
0.46119 0.46118
0.46156 0.46118
0.46192 0.46118
0.46229 0.46118
0.46263 0.46118
0.46299 0.46118
0.46331 0.46118
0.46364 0.46119
0.46398 0.46119
0.46428 0.46119
0.46459 0.46119
0.46491 0.46119
0.46519 0.46120
0.46547 0.46120
0.46577 0.46120
0.46607 0.46121
0.46631 0.46121
0.46656 0.46121
0.46683 0.46122
0.46710 0.46122
0.46736 0.46122
0.46763 0.46123
0.46788 0.46123
0.46808 0.46124
0.46829 0.46124
0.46850 0.46125
0.46871 0.46125
0.46892 0.46126
0.46912 0.46126
0.46930 0.46127
0.46948 0.46127
0.46967 0.46128
0.46990 0.46128
0.47011 0.46129
0.47032 0.46130
0.47052 0.46130
0.47069 0.46131
0.47087 0.46131
0.47107 0.46132
0.47127 0.46133
0.47145 0.46133
0.47162 0.46134
0.47182 0.46135
0.47201 0.46135
0.47218 0.46136
0.47237 0.46137
0.47255 0.46137
0.47272 0.46138
0.47292 0.46139
0.47310 0.46140
0.47328 0.46140
0.47348 0.46141
0.47365 0.46142
0.47385 0.46143
0.47403 0.46144
0.47423 0.46144
0.47441 0.46145
0.47461 0.46146
0.47479 0.46147
0.47500 0.46148
0.47518 0.46149
0.47539 0.46149
0.47557 0.46150
0.47578 0.46151
0.47598 0.46152
0.47618 0.46153
0.47638 0.46154
0.47659 0.46155
0.47679 0.46156
0.47699 0.46157
0.47721 0.46158
0.47740 0.46159
0.47762 0.46160
0.47783 0.46161
0.47804 0.46162
0.47825 0.46163
0.47846 0.46164
0.47867 0.46165
0.47887 0.46166
0.47909 0.46167
0.47928 0.46168
0.47950 0.46170
0.47969 0.46171
0.47991 0.46172
0.48010 0.46173
0.48031 0.46174
0.48050 0.46175
0.48071 0.46177
0.48089 0.46178
0.48109 0.46179
0.48127 0.46180
0.48145 0.46181
0.48163 0.46183
0.48179 0.46184
0.48198 0.46185
0.48214 0.46186
0.48228 0.46188
0.48245 0.46189
0.48260 0.46190
0.48272 0.46192
0.48287 0.46193
0.48300 0.46194
0.48311 0.46195
0.48320 0.46197
0.48332 0.46198
0.48343 0.46199
0.48351 0.46201
0.48358 0.46202
0.48363 0.46203
0.48366 0.46205
0.48370 0.46206
0.48376 0.46207
0.48380 0.46209
0.48383 0.46210
0.48385 0.46211
0.48385 0.46213
0.48385 0.46214
0.48382 0.46215
0.48379 0.46217
0.48374 0.46218
0.48363 0.46219
0.48351 0.46221
0.48339 0.46222
0.48327 0.46223
0.48315 0.46225
0.48303 0.46226
0.48285 0.46227
0.48264 0.46228
0.48243 0.46230
0.48222 0.46231
0.48195 0.46232
0.48170 0.46233
0.48147 0.46234
0.48118 0.46235
0.48088 0.46237
0.48058 0.46238
0.48022 0.46239
0.47988 0.46240
0.47952 0.46241
0.47913 0.46242
0.47873 0.46243
0.47831 0.46244
0.47789 0.46245
0.47741 0.46246
0.47697 0.46247
0.47646 0.46247
0.47598 0.46248
0.47544 0.46249
0.47492 0.46250
0.47436 0.46250
0.47380 0.46251
0.47321 0.46252
0.47262 0.46252
0.47200 0.46253
0.47137 0.46253
0.47073 0.46254
0.47007 0.46254
0.46941 0.46255
0.46871 0.46255
0.46802 0.46255
0.46731 0.46256
0.46659 0.46256
0.46585 0.46256
0.46510 0.46256
0.46435 0.46256
0.46357 0.46257
0.46280 0.46257
0.46200 0.46257
0.46122 0.46256
0.46040 0.46256
0.45960 0.46256
0.45877 0.46256
0.45795 0.46256
0.45711 0.46255
0.45629 0.46255
0.45542 0.46255
0.45459 0.46254
0.45373 0.46254
0.45288 0.46253
0.45202 0.46252
0.45116 0.46252
0.45032 0.46251
0.44944 0.46250
0.44859 0.46249
0.44774 0.46248
0.44687 0.46248
0.44603 0.46247
0.44520 0.46246
0.44433 0.46245
0.44350 0.46243
0.44268 0.46242
0.44187 0.46241
0.44103 0.46240
0.44021 0.46238
0.43941 0.46237
0.43863 0.46236
0.43787 0.46234
0.43713 0.46233
0.43637 0.46231
0.43560 0.46230
0.43485 0.46228
0.43412 0.46226
0.43340 0.46225
0.43270 0.46223
0.43202 0.46221
0.43135 0.46220
0.43069 0.46218
0.43008 0.46216
0.42952 0.46214
0.42895 0.46212
0.42842 0.46210
0.42788 0.46208
0.42736 0.46206
0.42686 0.46204
0.42641 0.46202
0.42598 0.46200
0.42557 0.46198
0.42515 0.46196
0.42480 0.46193
0.42448 0.46191
0.42415 0.46189
0.42387 0.46187
0.42361 0.46185
0.42337 0.46183
0.42319 0.46180
0.42301 0.46178
0.42287 0.46176
0.42275 0.46174
0.42265 0.46171
0.42259 0.46169
0.42254 0.46167
0.42254 0.46165
0.42254 0.46162
0.42260 0.46160
0.42267 0.46158
0.42279 0.46156
0.42291 0.46153
0.42309 0.46151
0.42329 0.46149
0.42353 0.46147
0.42379 0.46145
0.42409 0.46143
0.42442 0.46140
0.42478 0.46138
0.42519 0.46136
0.42561 0.46134
0.42608 0.46132
0.42657 0.46130
0.42708 0.46128
0.42761 0.46126
0.42818 0.46125
0.42878 0.46123
0.42941 0.46121
0.43008 0.46119
0.43074 0.46117
0.43145 0.46116
0.43218 0.46114
0.43295 0.46113
0.43374 0.46111
0.43454 0.46110
0.43536 0.46108
0.43622 0.46107
0.43709 0.46105
0.43801 0.46104
0.43890 0.46103
0.43985 0.46102
0.44081 0.46100
0.44180 0.46099
0.44279 0.46098
0.44379 0.46097
0.44483 0.46096
0.44587 0.46096
0.44694 0.46095
0.44802 0.46094
0.44909 0.46093
0.45018 0.46093
0.45131 0.46092
0.45244 0.46092
0.45356 0.46091
0.45467 0.46091
0.45584 0.46091
0.45700 0.46091
0.45816 0.46090
0.45932 0.46090
0.46047 0.46090
0.46161 0.46090
0.46278 0.46090
0.46398 0.46091
0.46517 0.46091
0.46636 0.46091
0.46755 0.46092
0.46875 0.46092
0.46994 0.46092
0.47111 0.46093
0.47227 0.46094
0.47339 0.46094
0.47450 0.46095
0.47560 0.46096
0.47670 0.46097
0.47781 0.46098
0.47891 0.46099
0.48000 0.46100
0.48104 0.46101
0.48209 0.46102
0.48313 0.46103
0.48416 0.46104
0.48514 0.46106
0.48613 0.46107
0.48711 0.46109
0.48803 0.46110
0.48896 0.46112
0.48987 0.46113
0.49073 0.46115
0.49160 0.46117
0.49242 0.46118
0.49322 0.46120
0.49400 0.46122
0.49474 0.46124
0.49547 0.46125
0.49616 0.46127
0.49683 0.46129
0.49746 0.46131
0.49811 0.46133
0.49870 0.46135
0.49928 0.46137
0.49982 0.46139
0.50033 0.46142
0.50081 0.46144
0.50125 0.46146
0.50167 0.46148
0.50204 0.46150
0.50240 0.46153
0.50270 0.46155
0.50299 0.46157
0.50323 0.46159
0.50345 0.46162
0.50363 0.46164
0.50377 0.46166
0.50389 0.46168
0.50397 0.46171
0.50403 0.46173
0.50403 0.46175
0.50402 0.46177
0.50396 0.46180
0.50389 0.46182
0.50377 0.46184
0.50363 0.46187
0.50345 0.46189
0.50326 0.46191
0.50302 0.46193
0.50276 0.46195
0.50247 0.46198
0.50216 0.46200
0.50179 0.46202
0.50140 0.46204
0.50097 0.46206
0.50052 0.46208
0.50006 0.46210
0.49955 0.46212
0.49904 0.46214
0.49848 0.46216
0.49788 0.46218
0.49728 0.46220
0.49667 0.46222
0.49599 0.46223
0.49531 0.46225
0.49462 0.46227
0.49391 0.46229
0.49314 0.46230
0.49236 0.46232
0.49159 0.46233
0.49079 0.46235
0.48998 0.46236
0.48917 0.46238
0.48828 0.46239
0.48739 0.46241
0.48648 0.46242
0.48556 0.46243
0.48462 0.46244
0.48367 0.46245
0.48272 0.46246
0.48173 0.46247
0.48075 0.46248
0.47979 0.46249
0.47883 0.46250
0.47785 0.46251
0.47687 0.46252
0.47586 0.46252
0.47485 0.46253
0.47382 0.46254
0.47283 0.46254
0.47182 0.46255
0.47080 0.46255
0.46977 0.46256
0.46877 0.46256
0.46776 0.46256
0.46673 0.46256
0.46574 0.46257
0.46473 0.46257
0.46372 0.46257
0.46274 0.46257
0.46173 0.46257
0.46077 0.46257
0.45978 0.46256
0.45882 0.46256
0.45787 0.46256
0.45691 0.46256
0.45599 0.46255
0.45505 0.46255
0.45415 0.46254
0.45324 0.46254
0.45236 0.46253
0.45149 0.46253
0.45063 0.46252
0.44979 0.46252
0.44896 0.46251
0.44815 0.46250
0.44735 0.46249
0.44658 0.46249
0.44581 0.46248
0.44509 0.46247
0.44436 0.46246
0.44366 0.46245
0.44297 0.46244
0.44232 0.46243
0.44167 0.46242
0.44105 0.46241
0.44045 0.46240
0.43986 0.46238
0.43932 0.46237
0.43877 0.46236
0.43826 0.46235
0.43777 0.46233
0.43729 0.46232
0.43684 0.46231
0.43642 0.46230
0.43602 0.46228
0.43563 0.46227
0.43527 0.46225
0.43494 0.46224
0.43462 0.46223
0.43435 0.46221
0.43409 0.46220
0.43385 0.46218
0.43361 0.46217
0.43339 0.46215
0.43321 0.46214
0.43303 0.46212
0.43289 0.46211
0.43279 0.46209
0.43270 0.46208
0.43263 0.46206
0.43260 0.46205
0.43257 0.46203
0.43254 0.46202
0.43255 0.46200
0.43261 0.46199
0.43267 0.46197
0.43272 0.46196
0.43281 0.46194
0.43290 0.46193
0.43299 0.46192
0.43317 0.46190
0.43335 0.46189
0.43355 0.46187
0.43376 0.46186
0.43399 0.46184
0.43423 0.46183
0.43449 0.46182
0.43477 0.46180
0.43506 0.46179
0.43533 0.46178
0.43560 0.46176
0.43590 0.46175
0.43621 0.46174
0.43655 0.46172
0.43691 0.46171
0.43727 0.46170
0.43761 0.46169
0.43798 0.46168
0.43837 0.46166
0.43877 0.46165
0.43915 0.46164
0.43956 0.46163
0.43999 0.46162
0.44039 0.46161
0.44081 0.46160
0.44125 0.46159
0.44167 0.46158
